Resultado Iterated Greddy, configuração padrão, 1000 iterações, desconstrução guiada

Instance: AAD_PMEDcap_25_5.txt
Equipments:	[0, 0, 0, 0, 1, 0, 1, 0, 0, 0, 0, 0, 0, 1, 0, 0, 1, 0, 0, 0, 0, 0, 0, 0, 1]
Coverage:	[6, 6, 6, 4, 4, 6, 6, 6, 13, 4, 16, 16, 13, 13, 13, 16, 16, 16, 13, 24, 16, 16, 16, 24, 24]
Rem. cap.:	[0, 0, 0, 0, 38, 0, 20, 0, 0, 0, 0, 0, 0, 108, 0, 0, 29, 0, 0, 0, 0, 0, 0, 0, 155]
Value:		1167

Instance: AAD_PMEDcap_25_7.txt
Equipments:	[0, 1, 0, 1, 0, 0, 1, 0, 0, 1, 0, 0, 0, 1, 0, 0, 1, 0, 0, 0, 0, 0, 0, 0, 1]
Coverage:	[1, 1, 1, 3, 9, 6, 6, 6, 9, 9, 6, 6, 13, 13, 9, 16, 16, 16, 16, 24, 16, 16, 24, 24, 24]
Rem. cap.:	[0, 46, 0, 58, 0, 0, 2, 0, 0, 40, 0, 0, 0, 77, 0, 0, 23, 0, 0, 0, 0, 0, 0, 0, 101]
Value:		997

Instance: AAD_PMEDcap_49_9.txt
Equipments:	[0, 0, 1, 0, 0, 1, 0, 0, 0, 0, 0, 0, 1, 0, 0, 1, 0, 0, 1, 0, 0, 0, 0, 0, 0, 0, 0, 0, 0, 0, 0, 1, 0, 0, 0, 0, 1, 0, 0, 0, 1, 0, 0, 0, 0, 0, 1, 0, 0]
Coverage:	[2, 2, 2, 2, 5, 5, 5, 15, 15, 15, 2, 12, 12, 12, 15, 15, 15, 18, 18, 18, 12, 15, 15, 31, 31, 18, 18, 18, 36, 36, 36, 31, 31, 40, 40, 36, 36, 36, 31, 40, 40, 40, 36, 36, 36, 46, 46, 40, 40]
Rem. cap.:	[0, 0, 26, 0, 0, 10, 0, 0, 0, 0, 0, 0, 7, 0, 0, 64, 0, 0, 36, 0, 0, 0, 0, 0, 0, 0, 0, 0, 0, 0, 0, 14, 0, 0, 0, 0, 41, 0, 0, 0, 60, 0, 0, 0, 0, 0, 88, 0, 0]
Value:		1719

Instance: AAD_PMEDcap_49_14.txt
Equipments:	[0, 1, 0, 1, 0, 0, 1, 0, 0, 0, 0, 1, 0, 1, 1, 0, 1, 0, 0, 0, 0, 0, 0, 1, 0, 0, 1, 0, 0, 0, 1, 0, 0, 0, 0, 0, 1, 0, 1, 0, 0, 0, 0, 0, 1, 0, 0, 1, 0]
Coverage:	[1, 1, 1, 3, 3, 6, 6, 14, 1, 16, 11, 11, 13, 13, 14, 16, 16, 16, 11, 26, 13, 14, 16, 23, 26, 26, 26, 26, 36, 36, 30, 30, 30, 26, 26, 36, 36, 38, 38, 38, 47, 47, 44, 44, 44, 47, 47, 47, 47]
Rem. cap.:	[0, 44, 0, 4, 0, 0, 4, 0, 0, 0, 0, 0, 0, 1, 49, 0, 17, 0, 0, 0, 0, 0, 0, 44, 0, 0, 12, 0, 0, 0, 12, 0, 0, 0, 0, 0, 48, 0, 12, 0, 0, 0, 0, 0, 51, 0, 0, 42, 0]
Value:		1303

Instance: AAD_PMEDcap_80_16.txt
Equipments:	[0, 0, 0, 1, 0, 0, 0, 1, 1, 0, 0, 0, 1, 0, 0, 0, 1, 0, 0, 0, 0, 0, 0, 1, 0, 0, 1, 0, 1, 0, 0, 1, 0, 0, 0, 0, 0, 0, 0, 0, 0, 0, 0, 0, 1, 0, 0, 1, 0, 0, 0, 1, 0, 0, 0, 0, 0, 0, 0, 0, 0, 0, 0, 0, 0, 0, 1, 0, 0, 0, 0, 1, 0, 0, 0, 1, 0, 0, 1, 0]
Coverage:	[3, 3, 3, 3, 3, 3, 7, 7, 8, 8, 12, 12, 12, 12, 12, 12, 16, 16, 28, 28, 31, 23, 23, 23, 23, 26, 26, 28, 28, 28, 31, 31, 31, 23, 44, 26, 26, 47, 28, 28, 51, 51, 51, 44, 44, 47, 66, 47, 47, 47, 51, 51, 51, 51, 44, 47, 66, 47, 66, 66, 71, 71, 71, 66, 66, 66, 66, 66, 66, 66, 71, 71, 71, 75, 75, 75, 66, 66, 78, 78]
Rem. cap.:	[0, 0, 0, 9, 0, 0, 0, 17, 17, 0, 0, 0, 9, 0, 0, 0, 17, 0, 0, 0, 0, 0, 0, 18, 0, 0, 11, 0, 7, 0, 0, 36, 0, 0, 0, 0, 0, 0, 0, 0, 0, 0, 0, 0, 9, 0, 0, 21, 0, 0, 0, 12, 0, 0, 0, 0, 0, 0, 0, 0, 0, 0, 0, 0, 0, 0, 18, 0, 0, 0, 0, 46, 0, 0, 0, 50, 0, 0, 51, 0]
Value:		2160

Instance: AAD_PMEDcap_80_24.txt
Equipments:	[0, 1, 0, 0, 0, 1, 1, 1, 1, 1, 0, 0, 0, 1, 1, 0, 1, 0, 1, 0, 0, 1, 0, 0, 0, 1, 0, 1, 0, 1, 0, 0, 0, 0, 1, 0, 0, 0, 1, 0, 0, 0, 0, 1, 0, 0, 1, 0, 0, 0, 0, 1, 0, 0, 0, 0, 0, 0, 0, 0, 0, 0, 0, 0, 1, 0, 0, 1, 0, 0, 1, 0, 0, 0, 0, 0, 0, 0, 0, 0]
Coverage:	[1, 1, 1, 13, 1, 5, 6, 7, 8, 9, 1, 1, 13, 13, 14, 13, 16, 27, 18, 29, 21, 21, 21, 21, 21, 25, 25, 27, 27, 29, 21, 21, 34, 34, 34, 25, 38, 27, 38, 38, 51, 51, 43, 43, 43, 46, 46, 46, 38, 38, 51, 51, 51, 51, 64, 64, 67, 67, 67, 67, 51, 51, 64, 64, 64, 64, 64, 67, 67, 67, 70, 51, 64, 64, 64, 64, 67, 67, 67, 67]
Rem. cap.:	[0, 7, 0, 0, 0, 17, 17, 17, 17, 17, 0, 0, 0, 11, 17, 0, 17, 0, 17, 0, 0, 5, 0, 0, 0, 4, 0, 11, 0, 15, 0, 0, 0, 0, 2, 0, 0, 0, 16, 0, 0, 0, 0, 2, 0, 0, 11, 0, 0, 0, 0, 1, 0, 0, 0, 0, 0, 0, 0, 0, 0, 0, 0, 0, 4, 0, 0, 11, 0, 0, 34, 0, 0, 0, 0, 0, 0, 0, 0, 0]
Value:		2012

Instance: AAD_PMEDcap_90_18.txt
Equipments:	[0, 0, 0, 1, 0, 0, 0, 1, 0, 1, 1, 0, 0, 0, 1, 0, 0, 1, 0, 0, 0, 0, 1, 0, 0, 1, 0, 0, 1, 0, 0, 0, 0, 0, 1, 0, 0, 0, 0, 0, 0, 0, 0, 0, 1, 0, 1, 0, 0, 1, 0, 1, 0, 0, 0, 0, 0, 0, 0, 0, 0, 0, 0, 0, 0, 0, 0, 1, 0, 0, 0, 1, 0, 0, 1, 0, 0, 0, 0, 1, 0, 0, 0, 0, 0, 0, 0, 0, 0, 0]
Coverage:	[10, 10, 3, 3, 3, 3, 7, 7, 9, 9, 10, 10, 14, 14, 14, 14, 17, 17, 28, 28, 22, 22, 22, 22, 22, 25, 17, 28, 28, 28, 10, 51, 22, 34, 34, 34, 34, 46, 28, 49, 51, 51, 51, 44, 44, 46, 46, 49, 46, 49, 51, 51, 51, 44, 44, 46, 46, 67, 67, 49, 51, 51, 51, 74, 74, 74, 67, 67, 67, 67, 71, 71, 74, 74, 74, 74, 67, 67, 79, 79, 71, 71, 74, 74, 74, 74, 67, 67, 79, 79]
Rem. cap.:	[0, 0, 0, 11, 0, 0, 0, 15, 0, 15, 37, 0, 0, 0, 11, 0, 0, 13, 0, 0, 0, 0, 21, 0, 0, 31, 0, 0, 7, 0, 0, 0, 0, 0, 11, 0, 0, 0, 0, 0, 0, 0, 0, 0, 5, 0, 1, 0, 0, 40, 0, 5, 0, 0, 0, 0, 0, 0, 0, 0, 0, 0, 0, 0, 0, 0, 0, 28, 0, 0, 0, 43, 0, 0, 9, 0, 0, 0, 0, 43, 0, 0, 0, 0, 0, 0, 0, 0, 0, 0]
Value:		2294

Instance: AAD_PMEDcap_90_27.txt
Equipments:	[0, 0, 1, 0, 0, 1, 1, 1, 1, 1, 0, 0, 0, 0, 1, 1, 1, 0, 0, 0, 0, 1, 0, 1, 0, 1, 0, 1, 1, 1, 0, 0, 0, 1, 0, 0, 0, 0, 0, 0, 0, 0, 0, 0, 0, 1, 0, 1, 0, 0, 0, 1, 0, 1, 0, 0, 0, 0, 0, 0, 0, 0, 0, 0, 1, 0, 0, 0, 1, 0, 0, 0, 1, 0, 0, 0, 1, 0, 0, 0, 1, 0, 0, 0, 1, 0, 0, 0, 0, 0]
Coverage:	[2, 2, 2, 2, 2, 5, 6, 7, 8, 9, 21, 21, 2, 14, 14, 15, 16, 27, 28, 29, 21, 21, 21, 23, 23, 25, 27, 27, 28, 29, 21, 21, 33, 33, 33, 45, 47, 47, 47, 29, 51, 21, 51, 33, 53, 45, 47, 47, 47, 47, 51, 51, 51, 53, 64, 64, 53, 47, 47, 68, 51, 51, 72, 72, 64, 68, 76, 68, 68, 68, 72, 72, 72, 72, 76, 64, 76, 76, 68, 68, 80, 72, 72, 72, 84, 76, 76, 76, 68, 68]
Rem. cap.:	[0, 0, 5, 0, 0, 15, 15, 15, 15, 15, 0, 0, 0, 0, 13, 15, 15, 0, 0, 0, 0, 15, 0, 13, 0, 15, 0, 11, 13, 11, 0, 0, 0, 0, 0, 0, 0, 0, 0, 0, 0, 0, 0, 0, 0, 4, 0, 6, 0, 0, 0, 3, 0, 0, 0, 0, 0, 0, 0, 0, 0, 0, 0, 0, 0, 0, 0, 0, 13, 0, 0, 0, 4, 0, 0, 0, 15, 0, 0, 0, 30, 0, 0, 0, 30, 0, 0, 0, 0, 0]
Value:		2085

Instance: AAD_PMEDcap_100_20.txt
Equipments:	[0, 0, 0, 1, 0, 0, 1, 1, 0, 0, 0, 1, 0, 0, 0, 0, 1, 0, 0, 1, 0, 0, 0, 1, 0, 0, 0, 1, 0, 0, 0, 0, 1, 0, 0, 0, 1, 0, 0, 0, 0, 1, 0, 0, 1, 0, 0, 0, 0, 1, 0, 0, 0, 0, 0, 0, 1, 0, 0, 0, 0, 0, 1, 0, 1, 0, 0, 0, 0, 0, 0, 0, 0, 0, 0, 0, 0, 0, 1, 0, 0, 1, 0, 0, 0, 0, 0, 0, 0, 0, 0, 0, 0, 0, 0, 1, 0, 0, 0, 1]
Coverage:	[11, 11, 3, 3, 3, 6, 6, 7, 7, 19, 11, 11, 11, 3, 3, 16, 16, 27, 27, 19, 32, 11, 32, 23, 23, 23, 27, 27, 27, 19, 32, 32, 32, 32, 44, 36, 36, 36, 49, 49, 41, 41, 41, 41, 44, 44, 36, 36, 49, 49, 41, 41, 41, 44, 56, 56, 56, 56, 56, 49, 62, 62, 62, 62, 64, 56, 56, 78, 78, 78, 81, 81, 62, 62, 64, 64, 78, 78, 78, 78, 81, 81, 81, 81, 81, 95, 95, 78, 78, 78, 81, 81, 81, 95, 95, 95, 95, 95, 78, 99]
Rem. cap.:	[0, 0, 0, 4, 0, 0, 10, 10, 0, 0, 0, 30, 0, 0, 0, 0, 10, 0, 0, 8, 0, 0, 0, 8, 0, 0, 0, 4, 0, 0, 0, 0, 30, 0, 0, 0, 12, 0, 0, 0, 0, 10, 0, 0, 2, 0, 0, 0, 0, 33, 0, 0, 0, 0, 0, 0, 3, 0, 0, 0, 0, 0, 12, 0, 21, 0, 0, 0, 0, 0, 0, 0, 0, 0, 0, 0, 0, 0, 25, 0, 0, 32, 0, 0, 0, 0, 0, 0, 0, 0, 0, 0, 0, 0, 0, 35, 0, 0, 0, 41]
Value:		2328

Instance: AAD_PMEDcap_100_30.txt


