80
24
35
2 2 2 2 18 18 18 18 18 18 2 2 2 2 18 18 18 18 18 18 2 2 2 2 18 18 2 2 2 2 2 2 11 11 11 11 11 2 2 2 2 2 11 11 11 11 11 2 2 2 2 2 11 11 11 11 11 2 2 2 2 1 1 1 1 1 1 1 1 1 1 1 1 1 1 1 1 1 1 1 
0 0 0
0 1 18
0 2 38
0 3 56
0 4 76
0 5 94
0 6 114
0 7 132
0 8 152
0 9 170
0 10 29
0 11 47
0 12 67
0 13 85
0 14 105
0 15 123
0 16 143
0 17 161
0 18 181
0 19 199
0 20 59
0 21 77
0 22 97
0 23 115
0 24 135
0 25 153
0 26 173
0 27 191
0 28 211
0 29 229
0 30 88
0 31 106
0 32 126
0 33 144
0 34 164
0 35 182
0 36 202
0 37 220
0 38 240
0 39 258
0 40 118
0 41 136
0 42 156
0 43 174
0 44 194
0 45 212
0 46 232
0 47 250
0 48 270
0 49 288
0 50 147
0 51 165
0 52 185
0 53 203
0 54 223
0 55 241
0 56 261
0 57 279
0 58 299
0 59 317
0 60 177
0 61 195
0 62 215
0 63 233
0 64 253
0 65 271
0 66 291
0 67 309
0 68 329
0 69 347
0 70 206
0 71 224
0 72 244
0 73 262
0 74 282
0 75 300
0 76 320
0 77 338
0 78 358
0 79 376
1 0 18
1 1 0
1 2 20
1 3 38
1 4 58
1 5 76
1 6 96
1 7 114
1 8 134
1 9 152
1 10 47
1 11 29
1 12 49
1 13 67
1 14 87
1 15 105
1 16 125
1 17 143
1 18 163
1 19 181
1 20 77
1 21 59
1 22 79
1 23 97
1 24 117
1 25 135
1 26 155
1 27 173
1 28 193
1 29 211
1 30 106
1 31 88
1 32 108
1 33 126
1 34 146
1 35 164
1 36 184
1 37 202
1 38 222
1 39 240
1 40 136
1 41 118
1 42 138
1 43 156
1 44 176
1 45 194
1 46 214
1 47 232
1 48 252
1 49 270
1 50 165
1 51 147
1 52 167
1 53 185
1 54 205
1 55 223
1 56 243
1 57 261
1 58 281
1 59 299
1 60 195
1 61 177
1 62 197
1 63 215
1 64 235
1 65 253
1 66 273
1 67 291
1 68 311
1 69 329
1 70 224
1 71 206
1 72 226
1 73 244
1 74 264
1 75 282
1 76 302
1 77 320
1 78 340
1 79 358
2 0 38
2 1 20
2 2 0
2 3 18
2 4 38
2 5 56
2 6 76
2 7 94
2 8 114
2 9 132
2 10 67
2 11 49
2 12 29
2 13 47
2 14 67
2 15 85
2 16 105
2 17 123
2 18 143
2 19 161
2 20 97
2 21 79
2 22 59
2 23 77
2 24 97
2 25 115
2 26 135
2 27 153
2 28 173
2 29 191
2 30 126
2 31 108
2 32 88
2 33 106
2 34 126
2 35 144
2 36 164
2 37 182
2 38 202
2 39 220
2 40 156
2 41 138
2 42 118
2 43 136
2 44 156
2 45 174
2 46 194
2 47 212
2 48 232
2 49 250
2 50 185
2 51 167
2 52 147
2 53 165
2 54 185
2 55 203
2 56 223
2 57 241
2 58 261
2 59 279
2 60 215
2 61 197
2 62 177
2 63 195
2 64 215
2 65 233
2 66 253
2 67 271
2 68 291
2 69 309
2 70 244
2 71 226
2 72 206
2 73 224
2 74 244
2 75 262
2 76 282
2 77 300
2 78 320
2 79 338
3 0 56
3 1 38
3 2 18
3 3 0
3 4 20
3 5 38
3 6 58
3 7 76
3 8 96
3 9 114
3 10 85
3 11 67
3 12 47
3 13 29
3 14 49
3 15 67
3 16 87
3 17 105
3 18 125
3 19 143
3 20 115
3 21 97
3 22 77
3 23 59
3 24 79
3 25 97
3 26 117
3 27 135
3 28 155
3 29 173
3 30 144
3 31 126
3 32 106
3 33 88
3 34 108
3 35 126
3 36 146
3 37 164
3 38 184
3 39 202
3 40 174
3 41 156
3 42 136
3 43 118
3 44 138
3 45 156
3 46 176
3 47 194
3 48 214
3 49 232
3 50 203
3 51 185
3 52 165
3 53 147
3 54 167
3 55 185
3 56 205
3 57 223
3 58 243
3 59 261
3 60 233
3 61 215
3 62 195
3 63 177
3 64 197
3 65 215
3 66 235
3 67 253
3 68 273
3 69 291
3 70 262
3 71 244
3 72 224
3 73 206
3 74 226
3 75 244
3 76 264
3 77 282
3 78 302
3 79 320
4 0 76
4 1 58
4 2 38
4 3 20
4 4 0
4 5 18
4 6 38
4 7 56
4 8 76
4 9 94
4 10 105
4 11 87
4 12 67
4 13 49
4 14 29
4 15 47
4 16 67
4 17 85
4 18 105
4 19 123
4 20 135
4 21 117
4 22 97
4 23 79
4 24 59
4 25 77
4 26 97
4 27 115
4 28 135
4 29 153
4 30 164
4 31 146
4 32 126
4 33 108
4 34 88
4 35 106
4 36 126
4 37 144
4 38 164
4 39 182
4 40 194
4 41 176
4 42 156
4 43 138
4 44 118
4 45 136
4 46 156
4 47 174
4 48 194
4 49 212
4 50 223
4 51 205
4 52 185
4 53 167
4 54 147
4 55 165
4 56 185
4 57 203
4 58 223
4 59 241
4 60 253
4 61 235
4 62 215
4 63 197
4 64 177
4 65 195
4 66 215
4 67 233
4 68 253
4 69 271
4 70 282
4 71 264
4 72 244
4 73 226
4 74 206
4 75 224
4 76 244
4 77 262
4 78 282
4 79 300
5 0 94
5 1 76
5 2 56
5 3 38
5 4 18
5 5 0
5 6 20
5 7 38
5 8 58
5 9 76
5 10 123
5 11 105
5 12 85
5 13 67
5 14 47
5 15 29
5 16 49
5 17 67
5 18 87
5 19 105
5 20 153
5 21 135
5 22 115
5 23 97
5 24 77
5 25 59
5 26 79
5 27 97
5 28 117
5 29 135
5 30 182
5 31 164
5 32 144
5 33 126
5 34 106
5 35 88
5 36 108
5 37 126
5 38 146
5 39 164
5 40 212
5 41 194
5 42 174
5 43 156
5 44 136
5 45 118
5 46 138
5 47 156
5 48 176
5 49 194
5 50 241
5 51 223
5 52 203
5 53 185
5 54 165
5 55 147
5 56 167
5 57 185
5 58 205
5 59 223
5 60 271
5 61 253
5 62 233
5 63 215
5 64 195
5 65 177
5 66 197
5 67 215
5 68 235
5 69 253
5 70 300
5 71 282
5 72 262
5 73 244
5 74 224
5 75 206
5 76 226
5 77 244
5 78 264
5 79 282
6 0 114
6 1 96
6 2 76
6 3 58
6 4 38
6 5 20
6 6 0
6 7 18
6 8 38
6 9 56
6 10 143
6 11 125
6 12 105
6 13 87
6 14 67
6 15 49
6 16 29
6 17 47
6 18 67
6 19 85
6 20 173
6 21 155
6 22 135
6 23 117
6 24 97
6 25 79
6 26 59
6 27 77
6 28 97
6 29 115
6 30 202
6 31 184
6 32 164
6 33 146
6 34 126
6 35 108
6 36 88
6 37 106
6 38 126
6 39 144
6 40 232
6 41 214
6 42 194
6 43 176
6 44 156
6 45 138
6 46 118
6 47 136
6 48 156
6 49 174
6 50 261
6 51 243
6 52 223
6 53 205
6 54 185
6 55 167
6 56 147
6 57 165
6 58 185
6 59 203
6 60 291
6 61 273
6 62 253
6 63 235
6 64 215
6 65 197
6 66 177
6 67 195
6 68 215
6 69 233
6 70 320
6 71 302
6 72 282
6 73 264
6 74 244
6 75 226
6 76 206
6 77 224
6 78 244
6 79 262
7 0 132
7 1 114
7 2 94
7 3 76
7 4 56
7 5 38
7 6 18
7 7 0
7 8 20
7 9 38
7 10 161
7 11 143
7 12 123
7 13 105
7 14 85
7 15 67
7 16 47
7 17 29
7 18 49
7 19 67
7 20 191
7 21 173
7 22 153
7 23 135
7 24 115
7 25 97
7 26 77
7 27 59
7 28 79
7 29 97
7 30 220
7 31 202
7 32 182
7 33 164
7 34 144
7 35 126
7 36 106
7 37 88
7 38 108
7 39 126
7 40 250
7 41 232
7 42 212
7 43 194
7 44 174
7 45 156
7 46 136
7 47 118
7 48 138
7 49 156
7 50 279
7 51 261
7 52 241
7 53 223
7 54 203
7 55 185
7 56 165
7 57 147
7 58 167
7 59 185
7 60 309
7 61 291
7 62 271
7 63 253
7 64 233
7 65 215
7 66 195
7 67 177
7 68 197
7 69 215
7 70 338
7 71 320
7 72 300
7 73 282
7 74 262
7 75 244
7 76 224
7 77 206
7 78 226
7 79 244
8 0 152
8 1 134
8 2 114
8 3 96
8 4 76
8 5 58
8 6 38
8 7 20
8 8 0
8 9 18
8 10 181
8 11 163
8 12 143
8 13 125
8 14 105
8 15 87
8 16 67
8 17 49
8 18 29
8 19 47
8 20 211
8 21 193
8 22 173
8 23 155
8 24 135
8 25 117
8 26 97
8 27 79
8 28 59
8 29 77
8 30 240
8 31 222
8 32 202
8 33 184
8 34 164
8 35 146
8 36 126
8 37 108
8 38 88
8 39 106
8 40 270
8 41 252
8 42 232
8 43 214
8 44 194
8 45 176
8 46 156
8 47 138
8 48 118
8 49 136
8 50 299
8 51 281
8 52 261
8 53 243
8 54 223
8 55 205
8 56 185
8 57 167
8 58 147
8 59 165
8 60 329
8 61 311
8 62 291
8 63 273
8 64 253
8 65 235
8 66 215
8 67 197
8 68 177
8 69 195
8 70 358
8 71 340
8 72 320
8 73 302
8 74 282
8 75 264
8 76 244
8 77 226
8 78 206
8 79 224
9 0 170
9 1 152
9 2 132
9 3 114
9 4 94
9 5 76
9 6 56
9 7 38
9 8 18
9 9 0
9 10 199
9 11 181
9 12 161
9 13 143
9 14 123
9 15 105
9 16 85
9 17 67
9 18 47
9 19 29
9 20 229
9 21 211
9 22 191
9 23 173
9 24 153
9 25 135
9 26 115
9 27 97
9 28 77
9 29 59
9 30 258
9 31 240
9 32 220
9 33 202
9 34 182
9 35 164
9 36 144
9 37 126
9 38 106
9 39 88
9 40 288
9 41 270
9 42 250
9 43 232
9 44 212
9 45 194
9 46 174
9 47 156
9 48 136
9 49 118
9 50 317
9 51 299
9 52 279
9 53 261
9 54 241
9 55 223
9 56 203
9 57 185
9 58 165
9 59 147
9 60 347
9 61 329
9 62 309
9 63 291
9 64 271
9 65 253
9 66 233
9 67 215
9 68 195
9 69 177
9 70 376
9 71 358
9 72 338
9 73 320
9 74 300
9 75 282
9 76 262
9 77 244
9 78 224
9 79 206
10 0 29
10 1 47
10 2 67
10 3 85
10 4 105
10 5 123
10 6 143
10 7 161
10 8 181
10 9 199
10 10 0
10 11 18
10 12 38
10 13 56
10 14 76
10 15 94
10 16 114
10 17 132
10 18 152
10 19 170
10 20 30
10 21 48
10 22 68
10 23 86
10 24 106
10 25 124
10 26 144
10 27 162
10 28 182
10 29 200
10 30 59
10 31 77
10 32 97
10 33 115
10 34 135
10 35 153
10 36 173
10 37 191
10 38 211
10 39 229
10 40 89
10 41 107
10 42 127
10 43 145
10 44 165
10 45 183
10 46 203
10 47 221
10 48 241
10 49 259
10 50 118
10 51 136
10 52 156
10 53 174
10 54 194
10 55 212
10 56 232
10 57 250
10 58 270
10 59 288
10 60 148
10 61 166
10 62 186
10 63 204
10 64 224
10 65 242
10 66 262
10 67 280
10 68 300
10 69 318
10 70 177
10 71 195
10 72 215
10 73 233
10 74 253
10 75 271
10 76 291
10 77 309
10 78 329
10 79 347
11 0 47
11 1 29
11 2 49
11 3 67
11 4 87
11 5 105
11 6 125
11 7 143
11 8 163
11 9 181
11 10 18
11 11 0
11 12 20
11 13 38
11 14 58
11 15 76
11 16 96
11 17 114
11 18 134
11 19 152
11 20 48
11 21 30
11 22 50
11 23 68
11 24 88
11 25 106
11 26 126
11 27 144
11 28 164
11 29 182
11 30 77
11 31 59
11 32 79
11 33 97
11 34 117
11 35 135
11 36 155
11 37 173
11 38 193
11 39 211
11 40 107
11 41 89
11 42 109
11 43 127
11 44 147
11 45 165
11 46 185
11 47 203
11 48 223
11 49 241
11 50 136
11 51 118
11 52 138
11 53 156
11 54 176
11 55 194
11 56 214
11 57 232
11 58 252
11 59 270
11 60 166
11 61 148
11 62 168
11 63 186
11 64 206
11 65 224
11 66 244
11 67 262
11 68 282
11 69 300
11 70 195
11 71 177
11 72 197
11 73 215
11 74 235
11 75 253
11 76 273
11 77 291
11 78 311
11 79 329
12 0 67
12 1 49
12 2 29
12 3 47
12 4 67
12 5 85
12 6 105
12 7 123
12 8 143
12 9 161
12 10 38
12 11 20
12 12 0
12 13 18
12 14 38
12 15 56
12 16 76
12 17 94
12 18 114
12 19 132
12 20 68
12 21 50
12 22 30
12 23 48
12 24 68
12 25 86
12 26 106
12 27 124
12 28 144
12 29 162
12 30 97
12 31 79
12 32 59
12 33 77
12 34 97
12 35 115
12 36 135
12 37 153
12 38 173
12 39 191
12 40 127
12 41 109
12 42 89
12 43 107
12 44 127
12 45 145
12 46 165
12 47 183
12 48 203
12 49 221
12 50 156
12 51 138
12 52 118
12 53 136
12 54 156
12 55 174
12 56 194
12 57 212
12 58 232
12 59 250
12 60 186
12 61 168
12 62 148
12 63 166
12 64 186
12 65 204
12 66 224
12 67 242
12 68 262
12 69 280
12 70 215
12 71 197
12 72 177
12 73 195
12 74 215
12 75 233
12 76 253
12 77 271
12 78 291
12 79 309
13 0 85
13 1 67
13 2 47
13 3 29
13 4 49
13 5 67
13 6 87
13 7 105
13 8 125
13 9 143
13 10 56
13 11 38
13 12 18
13 13 0
13 14 20
13 15 38
13 16 58
13 17 76
13 18 96
13 19 114
13 20 86
13 21 68
13 22 48
13 23 30
13 24 50
13 25 68
13 26 88
13 27 106
13 28 126
13 29 144
13 30 115
13 31 97
13 32 77
13 33 59
13 34 79
13 35 97
13 36 117
13 37 135
13 38 155
13 39 173
13 40 145
13 41 127
13 42 107
13 43 89
13 44 109
13 45 127
13 46 147
13 47 165
13 48 185
13 49 203
13 50 174
13 51 156
13 52 136
13 53 118
13 54 138
13 55 156
13 56 176
13 57 194
13 58 214
13 59 232
13 60 204
13 61 186
13 62 166
13 63 148
13 64 168
13 65 186
13 66 206
13 67 224
13 68 244
13 69 262
13 70 233
13 71 215
13 72 195
13 73 177
13 74 197
13 75 215
13 76 235
13 77 253
13 78 273
13 79 291
14 0 105
14 1 87
14 2 67
14 3 49
14 4 29
14 5 47
14 6 67
14 7 85
14 8 105
14 9 123
14 10 76
14 11 58
14 12 38
14 13 20
14 14 0
14 15 18
14 16 38
14 17 56
14 18 76
14 19 94
14 20 106
14 21 88
14 22 68
14 23 50
14 24 30
14 25 48
14 26 68
14 27 86
14 28 106
14 29 124
14 30 135
14 31 117
14 32 97
14 33 79
14 34 59
14 35 77
14 36 97
14 37 115
14 38 135
14 39 153
14 40 165
14 41 147
14 42 127
14 43 109
14 44 89
14 45 107
14 46 127
14 47 145
14 48 165
14 49 183
14 50 194
14 51 176
14 52 156
14 53 138
14 54 118
14 55 136
14 56 156
14 57 174
14 58 194
14 59 212
14 60 224
14 61 206
14 62 186
14 63 168
14 64 148
14 65 166
14 66 186
14 67 204
14 68 224
14 69 242
14 70 253
14 71 235
14 72 215
14 73 197
14 74 177
14 75 195
14 76 215
14 77 233
14 78 253
14 79 271
15 0 123
15 1 105
15 2 85
15 3 67
15 4 47
15 5 29
15 6 49
15 7 67
15 8 87
15 9 105
15 10 94
15 11 76
15 12 56
15 13 38
15 14 18
15 15 0
15 16 20
15 17 38
15 18 58
15 19 76
15 20 124
15 21 106
15 22 86
15 23 68
15 24 48
15 25 30
15 26 50
15 27 68
15 28 88
15 29 106
15 30 153
15 31 135
15 32 115
15 33 97
15 34 77
15 35 59
15 36 79
15 37 97
15 38 117
15 39 135
15 40 183
15 41 165
15 42 145
15 43 127
15 44 107
15 45 89
15 46 109
15 47 127
15 48 147
15 49 165
15 50 212
15 51 194
15 52 174
15 53 156
15 54 136
15 55 118
15 56 138
15 57 156
15 58 176
15 59 194
15 60 242
15 61 224
15 62 204
15 63 186
15 64 166
15 65 148
15 66 168
15 67 186
15 68 206
15 69 224
15 70 271
15 71 253
15 72 233
15 73 215
15 74 195
15 75 177
15 76 197
15 77 215
15 78 235
15 79 253
16 0 143
16 1 125
16 2 105
16 3 87
16 4 67
16 5 49
16 6 29
16 7 47
16 8 67
16 9 85
16 10 114
16 11 96
16 12 76
16 13 58
16 14 38
16 15 20
16 16 0
16 17 18
16 18 38
16 19 56
16 20 144
16 21 126
16 22 106
16 23 88
16 24 68
16 25 50
16 26 30
16 27 48
16 28 68
16 29 86
16 30 173
16 31 155
16 32 135
16 33 117
16 34 97
16 35 79
16 36 59
16 37 77
16 38 97
16 39 115
16 40 203
16 41 185
16 42 165
16 43 147
16 44 127
16 45 109
16 46 89
16 47 107
16 48 127
16 49 145
16 50 232
16 51 214
16 52 194
16 53 176
16 54 156
16 55 138
16 56 118
16 57 136
16 58 156
16 59 174
16 60 262
16 61 244
16 62 224
16 63 206
16 64 186
16 65 168
16 66 148
16 67 166
16 68 186
16 69 204
16 70 291
16 71 273
16 72 253
16 73 235
16 74 215
16 75 197
16 76 177
16 77 195
16 78 215
16 79 233
17 0 161
17 1 143
17 2 123
17 3 105
17 4 85
17 5 67
17 6 47
17 7 29
17 8 49
17 9 67
17 10 132
17 11 114
17 12 94
17 13 76
17 14 56
17 15 38
17 16 18
17 17 0
17 18 20
17 19 38
17 20 162
17 21 144
17 22 124
17 23 106
17 24 86
17 25 68
17 26 48
17 27 30
17 28 50
17 29 68
17 30 191
17 31 173
17 32 153
17 33 135
17 34 115
17 35 97
17 36 77
17 37 59
17 38 79
17 39 97
17 40 221
17 41 203
17 42 183
17 43 165
17 44 145
17 45 127
17 46 107
17 47 89
17 48 109
17 49 127
17 50 250
17 51 232
17 52 212
17 53 194
17 54 174
17 55 156
17 56 136
17 57 118
17 58 138
17 59 156
17 60 280
17 61 262
17 62 242
17 63 224
17 64 204
17 65 186
17 66 166
17 67 148
17 68 168
17 69 186
17 70 309
17 71 291
17 72 271
17 73 253
17 74 233
17 75 215
17 76 195
17 77 177
17 78 197
17 79 215
18 0 181
18 1 163
18 2 143
18 3 125
18 4 105
18 5 87
18 6 67
18 7 49
18 8 29
18 9 47
18 10 152
18 11 134
18 12 114
18 13 96
18 14 76
18 15 58
18 16 38
18 17 20
18 18 0
18 19 18
18 20 182
18 21 164
18 22 144
18 23 126
18 24 106
18 25 88
18 26 68
18 27 50
18 28 30
18 29 48
18 30 211
18 31 193
18 32 173
18 33 155
18 34 135
18 35 117
18 36 97
18 37 79
18 38 59
18 39 77
18 40 241
18 41 223
18 42 203
18 43 185
18 44 165
18 45 147
18 46 127
18 47 109
18 48 89
18 49 107
18 50 270
18 51 252
18 52 232
18 53 214
18 54 194
18 55 176
18 56 156
18 57 138
18 58 118
18 59 136
18 60 300
18 61 282
18 62 262
18 63 244
18 64 224
18 65 206
18 66 186
18 67 168
18 68 148
18 69 166
18 70 329
18 71 311
18 72 291
18 73 273
18 74 253
18 75 235
18 76 215
18 77 197
18 78 177
18 79 195
19 0 199
19 1 181
19 2 161
19 3 143
19 4 123
19 5 105
19 6 85
19 7 67
19 8 47
19 9 29
19 10 170
19 11 152
19 12 132
19 13 114
19 14 94
19 15 76
19 16 56
19 17 38
19 18 18
19 19 0
19 20 200
19 21 182
19 22 162
19 23 144
19 24 124
19 25 106
19 26 86
19 27 68
19 28 48
19 29 30
19 30 229
19 31 211
19 32 191
19 33 173
19 34 153
19 35 135
19 36 115
19 37 97
19 38 77
19 39 59
19 40 259
19 41 241
19 42 221
19 43 203
19 44 183
19 45 165
19 46 145
19 47 127
19 48 107
19 49 89
19 50 288
19 51 270
19 52 250
19 53 232
19 54 212
19 55 194
19 56 174
19 57 156
19 58 136
19 59 118
19 60 318
19 61 300
19 62 280
19 63 262
19 64 242
19 65 224
19 66 204
19 67 186
19 68 166
19 69 148
19 70 347
19 71 329
19 72 309
19 73 291
19 74 271
19 75 253
19 76 233
19 77 215
19 78 195
19 79 177
20 0 59
20 1 77
20 2 97
20 3 115
20 4 135
20 5 153
20 6 173
20 7 191
20 8 211
20 9 229
20 10 30
20 11 48
20 12 68
20 13 86
20 14 106
20 15 124
20 16 144
20 17 162
20 18 182
20 19 200
20 20 0
20 21 18
20 22 38
20 23 56
20 24 76
20 25 94
20 26 114
20 27 132
20 28 152
20 29 170
20 30 29
20 31 47
20 32 67
20 33 85
20 34 105
20 35 123
20 36 143
20 37 161
20 38 181
20 39 199
20 40 59
20 41 77
20 42 97
20 43 115
20 44 135
20 45 153
20 46 173
20 47 191
20 48 211
20 49 229
20 50 88
20 51 106
20 52 126
20 53 144
20 54 164
20 55 182
20 56 202
20 57 220
20 58 240
20 59 258
20 60 118
20 61 136
20 62 156
20 63 174
20 64 194
20 65 212
20 66 232
20 67 250
20 68 270
20 69 288
20 70 147
20 71 165
20 72 185
20 73 203
20 74 223
20 75 241
20 76 261
20 77 279
20 78 299
20 79 317
21 0 77
21 1 59
21 2 79
21 3 97
21 4 117
21 5 135
21 6 155
21 7 173
21 8 193
21 9 211
21 10 48
21 11 30
21 12 50
21 13 68
21 14 88
21 15 106
21 16 126
21 17 144
21 18 164
21 19 182
21 20 18
21 21 0
21 22 20
21 23 38
21 24 58
21 25 76
21 26 96
21 27 114
21 28 134
21 29 152
21 30 47
21 31 29
21 32 49
21 33 67
21 34 87
21 35 105
21 36 125
21 37 143
21 38 163
21 39 181
21 40 77
21 41 59
21 42 79
21 43 97
21 44 117
21 45 135
21 46 155
21 47 173
21 48 193
21 49 211
21 50 106
21 51 88
21 52 108
21 53 126
21 54 146
21 55 164
21 56 184
21 57 202
21 58 222
21 59 240
21 60 136
21 61 118
21 62 138
21 63 156
21 64 176
21 65 194
21 66 214
21 67 232
21 68 252
21 69 270
21 70 165
21 71 147
21 72 167
21 73 185
21 74 205
21 75 223
21 76 243
21 77 261
21 78 281
21 79 299
22 0 97
22 1 79
22 2 59
22 3 77
22 4 97
22 5 115
22 6 135
22 7 153
22 8 173
22 9 191
22 10 68
22 11 50
22 12 30
22 13 48
22 14 68
22 15 86
22 16 106
22 17 124
22 18 144
22 19 162
22 20 38
22 21 20
22 22 0
22 23 18
22 24 38
22 25 56
22 26 76
22 27 94
22 28 114
22 29 132
22 30 67
22 31 49
22 32 29
22 33 47
22 34 67
22 35 85
22 36 105
22 37 123
22 38 143
22 39 161
22 40 97
22 41 79
22 42 59
22 43 77
22 44 97
22 45 115
22 46 135
22 47 153
22 48 173
22 49 191
22 50 126
22 51 108
22 52 88
22 53 106
22 54 126
22 55 144
22 56 164
22 57 182
22 58 202
22 59 220
22 60 156
22 61 138
22 62 118
22 63 136
22 64 156
22 65 174
22 66 194
22 67 212
22 68 232
22 69 250
22 70 185
22 71 167
22 72 147
22 73 165
22 74 185
22 75 203
22 76 223
22 77 241
22 78 261
22 79 279
23 0 115
23 1 97
23 2 77
23 3 59
23 4 79
23 5 97
23 6 117
23 7 135
23 8 155
23 9 173
23 10 86
23 11 68
23 12 48
23 13 30
23 14 50
23 15 68
23 16 88
23 17 106
23 18 126
23 19 144
23 20 56
23 21 38
23 22 18
23 23 0
23 24 20
23 25 38
23 26 58
23 27 76
23 28 96
23 29 114
23 30 85
23 31 67
23 32 47
23 33 29
23 34 49
23 35 67
23 36 87
23 37 105
23 38 125
23 39 143
23 40 115
23 41 97
23 42 77
23 43 59
23 44 79
23 45 97
23 46 117
23 47 135
23 48 155
23 49 173
23 50 144
23 51 126
23 52 106
23 53 88
23 54 108
23 55 126
23 56 146
23 57 164
23 58 184
23 59 202
23 60 174
23 61 156
23 62 136
23 63 118
23 64 138
23 65 156
23 66 176
23 67 194
23 68 214
23 69 232
23 70 203
23 71 185
23 72 165
23 73 147
23 74 167
23 75 185
23 76 205
23 77 223
23 78 243
23 79 261
24 0 135
24 1 117
24 2 97
24 3 79
24 4 59
24 5 77
24 6 97
24 7 115
24 8 135
24 9 153
24 10 106
24 11 88
24 12 68
24 13 50
24 14 30
24 15 48
24 16 68
24 17 86
24 18 106
24 19 124
24 20 76
24 21 58
24 22 38
24 23 20
24 24 0
24 25 18
24 26 38
24 27 56
24 28 76
24 29 94
24 30 105
24 31 87
24 32 67
24 33 49
24 34 29
24 35 47
24 36 67
24 37 85
24 38 105
24 39 123
24 40 135
24 41 117
24 42 97
24 43 79
24 44 59
24 45 77
24 46 97
24 47 115
24 48 135
24 49 153
24 50 164
24 51 146
24 52 126
24 53 108
24 54 88
24 55 106
24 56 126
24 57 144
24 58 164
24 59 182
24 60 194
24 61 176
24 62 156
24 63 138
24 64 118
24 65 136
24 66 156
24 67 174
24 68 194
24 69 212
24 70 223
24 71 205
24 72 185
24 73 167
24 74 147
24 75 165
24 76 185
24 77 203
24 78 223
24 79 241
25 0 153
25 1 135
25 2 115
25 3 97
25 4 77
25 5 59
25 6 79
25 7 97
25 8 117
25 9 135
25 10 124
25 11 106
25 12 86
25 13 68
25 14 48
25 15 30
25 16 50
25 17 68
25 18 88
25 19 106
25 20 94
25 21 76
25 22 56
25 23 38
25 24 18
25 25 0
25 26 20
25 27 38
25 28 58
25 29 76
25 30 123
25 31 105
25 32 85
25 33 67
25 34 47
25 35 29
25 36 49
25 37 67
25 38 87
25 39 105
25 40 153
25 41 135
25 42 115
25 43 97
25 44 77
25 45 59
25 46 79
25 47 97
25 48 117
25 49 135
25 50 182
25 51 164
25 52 144
25 53 126
25 54 106
25 55 88
25 56 108
25 57 126
25 58 146
25 59 164
25 60 212
25 61 194
25 62 174
25 63 156
25 64 136
25 65 118
25 66 138
25 67 156
25 68 176
25 69 194
25 70 241
25 71 223
25 72 203
25 73 185
25 74 165
25 75 147
25 76 167
25 77 185
25 78 205
25 79 223
26 0 173
26 1 155
26 2 135
26 3 117
26 4 97
26 5 79
26 6 59
26 7 77
26 8 97
26 9 115
26 10 144
26 11 126
26 12 106
26 13 88
26 14 68
26 15 50
26 16 30
26 17 48
26 18 68
26 19 86
26 20 114
26 21 96
26 22 76
26 23 58
26 24 38
26 25 20
26 26 0
26 27 18
26 28 38
26 29 56
26 30 143
26 31 125
26 32 105
26 33 87
26 34 67
26 35 49
26 36 29
26 37 47
26 38 67
26 39 85
26 40 173
26 41 155
26 42 135
26 43 117
26 44 97
26 45 79
26 46 59
26 47 77
26 48 97
26 49 115
26 50 202
26 51 184
26 52 164
26 53 146
26 54 126
26 55 108
26 56 88
26 57 106
26 58 126
26 59 144
26 60 232
26 61 214
26 62 194
26 63 176
26 64 156
26 65 138
26 66 118
26 67 136
26 68 156
26 69 174
26 70 261
26 71 243
26 72 223
26 73 205
26 74 185
26 75 167
26 76 147
26 77 165
26 78 185
26 79 203
27 0 191
27 1 173
27 2 153
27 3 135
27 4 115
27 5 97
27 6 77
27 7 59
27 8 79
27 9 97
27 10 162
27 11 144
27 12 124
27 13 106
27 14 86
27 15 68
27 16 48
27 17 30
27 18 50
27 19 68
27 20 132
27 21 114
27 22 94
27 23 76
27 24 56
27 25 38
27 26 18
27 27 0
27 28 20
27 29 38
27 30 161
27 31 143
27 32 123
27 33 105
27 34 85
27 35 67
27 36 47
27 37 29
27 38 49
27 39 67
27 40 191
27 41 173
27 42 153
27 43 135
27 44 115
27 45 97
27 46 77
27 47 59
27 48 79
27 49 97
27 50 220
27 51 202
27 52 182
27 53 164
27 54 144
27 55 126
27 56 106
27 57 88
27 58 108
27 59 126
27 60 250
27 61 232
27 62 212
27 63 194
27 64 174
27 65 156
27 66 136
27 67 118
27 68 138
27 69 156
27 70 279
27 71 261
27 72 241
27 73 223
27 74 203
27 75 185
27 76 165
27 77 147
27 78 167
27 79 185
28 0 211
28 1 193
28 2 173
28 3 155
28 4 135
28 5 117
28 6 97
28 7 79
28 8 59
28 9 77
28 10 182
28 11 164
28 12 144
28 13 126
28 14 106
28 15 88
28 16 68
28 17 50
28 18 30
28 19 48
28 20 152
28 21 134
28 22 114
28 23 96
28 24 76
28 25 58
28 26 38
28 27 20
28 28 0
28 29 18
28 30 181
28 31 163
28 32 143
28 33 125
28 34 105
28 35 87
28 36 67
28 37 49
28 38 29
28 39 47
28 40 211
28 41 193
28 42 173
28 43 155
28 44 135
28 45 117
28 46 97
28 47 79
28 48 59
28 49 77
28 50 240
28 51 222
28 52 202
28 53 184
28 54 164
28 55 146
28 56 126
28 57 108
28 58 88
28 59 106
28 60 270
28 61 252
28 62 232
28 63 214
28 64 194
28 65 176
28 66 156
28 67 138
28 68 118
28 69 136
28 70 299
28 71 281
28 72 261
28 73 243
28 74 223
28 75 205
28 76 185
28 77 167
28 78 147
28 79 165
29 0 229
29 1 211
29 2 191
29 3 173
29 4 153
29 5 135
29 6 115
29 7 97
29 8 77
29 9 59
29 10 200
29 11 182
29 12 162
29 13 144
29 14 124
29 15 106
29 16 86
29 17 68
29 18 48
29 19 30
29 20 170
29 21 152
29 22 132
29 23 114
29 24 94
29 25 76
29 26 56
29 27 38
29 28 18
29 29 0
29 30 199
29 31 181
29 32 161
29 33 143
29 34 123
29 35 105
29 36 85
29 37 67
29 38 47
29 39 29
29 40 229
29 41 211
29 42 191
29 43 173
29 44 153
29 45 135
29 46 115
29 47 97
29 48 77
29 49 59
29 50 258
29 51 240
29 52 220
29 53 202
29 54 182
29 55 164
29 56 144
29 57 126
29 58 106
29 59 88
29 60 288
29 61 270
29 62 250
29 63 232
29 64 212
29 65 194
29 66 174
29 67 156
29 68 136
29 69 118
29 70 317
29 71 299
29 72 279
29 73 261
29 74 241
29 75 223
29 76 203
29 77 185
29 78 165
29 79 147
30 0 88
30 1 106
30 2 126
30 3 144
30 4 164
30 5 182
30 6 202
30 7 220
30 8 240
30 9 258
30 10 59
30 11 77
30 12 97
30 13 115
30 14 135
30 15 153
30 16 173
30 17 191
30 18 211
30 19 229
30 20 29
30 21 47
30 22 67
30 23 85
30 24 105
30 25 123
30 26 143
30 27 161
30 28 181
30 29 199
30 30 0
30 31 18
30 32 38
30 33 56
30 34 76
30 35 94
30 36 114
30 37 132
30 38 152
30 39 170
30 40 30
30 41 48
30 42 68
30 43 86
30 44 106
30 45 124
30 46 144
30 47 162
30 48 182
30 49 200
30 50 59
30 51 77
30 52 97
30 53 115
30 54 135
30 55 153
30 56 173
30 57 191
30 58 211
30 59 229
30 60 89
30 61 107
30 62 127
30 63 145
30 64 165
30 65 183
30 66 203
30 67 221
30 68 241
30 69 259
30 70 118
30 71 136
30 72 156
30 73 174
30 74 194
30 75 212
30 76 232
30 77 250
30 78 270
30 79 288
31 0 106
31 1 88
31 2 108
31 3 126
31 4 146
31 5 164
31 6 184
31 7 202
31 8 222
31 9 240
31 10 77
31 11 59
31 12 79
31 13 97
31 14 117
31 15 135
31 16 155
31 17 173
31 18 193
31 19 211
31 20 47
31 21 29
31 22 49
31 23 67
31 24 87
31 25 105
31 26 125
31 27 143
31 28 163
31 29 181
31 30 18
31 31 0
31 32 20
31 33 38
31 34 58
31 35 76
31 36 96
31 37 114
31 38 134
31 39 152
31 40 48
31 41 30
31 42 50
31 43 68
31 44 88
31 45 106
31 46 126
31 47 144
31 48 164
31 49 182
31 50 77
31 51 59
31 52 79
31 53 97
31 54 117
31 55 135
31 56 155
31 57 173
31 58 193
31 59 211
31 60 107
31 61 89
31 62 109
31 63 127
31 64 147
31 65 165
31 66 185
31 67 203
31 68 223
31 69 241
31 70 136
31 71 118
31 72 138
31 73 156
31 74 176
31 75 194
31 76 214
31 77 232
31 78 252
31 79 270
32 0 126
32 1 108
32 2 88
32 3 106
32 4 126
32 5 144
32 6 164
32 7 182
32 8 202
32 9 220
32 10 97
32 11 79
32 12 59
32 13 77
32 14 97
32 15 115
32 16 135
32 17 153
32 18 173
32 19 191
32 20 67
32 21 49
32 22 29
32 23 47
32 24 67
32 25 85
32 26 105
32 27 123
32 28 143
32 29 161
32 30 38
32 31 20
32 32 0
32 33 18
32 34 38
32 35 56
32 36 76
32 37 94
32 38 114
32 39 132
32 40 68
32 41 50
32 42 30
32 43 48
32 44 68
32 45 86
32 46 106
32 47 124
32 48 144
32 49 162
32 50 97
32 51 79
32 52 59
32 53 77
32 54 97
32 55 115
32 56 135
32 57 153
32 58 173
32 59 191
32 60 127
32 61 109
32 62 89
32 63 107
32 64 127
32 65 145
32 66 165
32 67 183
32 68 203
32 69 221
32 70 156
32 71 138
32 72 118
32 73 136
32 74 156
32 75 174
32 76 194
32 77 212
32 78 232
32 79 250
33 0 144
33 1 126
33 2 106
33 3 88
33 4 108
33 5 126
33 6 146
33 7 164
33 8 184
33 9 202
33 10 115
33 11 97
33 12 77
33 13 59
33 14 79
33 15 97
33 16 117
33 17 135
33 18 155
33 19 173
33 20 85
33 21 67
33 22 47
33 23 29
33 24 49
33 25 67
33 26 87
33 27 105
33 28 125
33 29 143
33 30 56
33 31 38
33 32 18
33 33 0
33 34 20
33 35 38
33 36 58
33 37 76
33 38 96
33 39 114
33 40 86
33 41 68
33 42 48
33 43 30
33 44 50
33 45 68
33 46 88
33 47 106
33 48 126
33 49 144
33 50 115
33 51 97
33 52 77
33 53 59
33 54 79
33 55 97
33 56 117
33 57 135
33 58 155
33 59 173
33 60 145
33 61 127
33 62 107
33 63 89
33 64 109
33 65 127
33 66 147
33 67 165
33 68 185
33 69 203
33 70 174
33 71 156
33 72 136
33 73 118
33 74 138
33 75 156
33 76 176
33 77 194
33 78 214
33 79 232
34 0 164
34 1 146
34 2 126
34 3 108
34 4 88
34 5 106
34 6 126
34 7 144
34 8 164
34 9 182
34 10 135
34 11 117
34 12 97
34 13 79
34 14 59
34 15 77
34 16 97
34 17 115
34 18 135
34 19 153
34 20 105
34 21 87
34 22 67
34 23 49
34 24 29
34 25 47
34 26 67
34 27 85
34 28 105
34 29 123
34 30 76
34 31 58
34 32 38
34 33 20
34 34 0
34 35 18
34 36 38
34 37 56
34 38 76
34 39 94
34 40 106
34 41 88
34 42 68
34 43 50
34 44 30
34 45 48
34 46 68
34 47 86
34 48 106
34 49 124
34 50 135
34 51 117
34 52 97
34 53 79
34 54 59
34 55 77
34 56 97
34 57 115
34 58 135
34 59 153
34 60 165
34 61 147
34 62 127
34 63 109
34 64 89
34 65 107
34 66 127
34 67 145
34 68 165
34 69 183
34 70 194
34 71 176
34 72 156
34 73 138
34 74 118
34 75 136
34 76 156
34 77 174
34 78 194
34 79 212
35 0 182
35 1 164
35 2 144
35 3 126
35 4 106
35 5 88
35 6 108
35 7 126
35 8 146
35 9 164
35 10 153
35 11 135
35 12 115
35 13 97
35 14 77
35 15 59
35 16 79
35 17 97
35 18 117
35 19 135
35 20 123
35 21 105
35 22 85
35 23 67
35 24 47
35 25 29
35 26 49
35 27 67
35 28 87
35 29 105
35 30 94
35 31 76
35 32 56
35 33 38
35 34 18
35 35 0
35 36 20
35 37 38
35 38 58
35 39 76
35 40 124
35 41 106
35 42 86
35 43 68
35 44 48
35 45 30
35 46 50
35 47 68
35 48 88
35 49 106
35 50 153
35 51 135
35 52 115
35 53 97
35 54 77
35 55 59
35 56 79
35 57 97
35 58 117
35 59 135
35 60 183
35 61 165
35 62 145
35 63 127
35 64 107
35 65 89
35 66 109
35 67 127
35 68 147
35 69 165
35 70 212
35 71 194
35 72 174
35 73 156
35 74 136
35 75 118
35 76 138
35 77 156
35 78 176
35 79 194
36 0 202
36 1 184
36 2 164
36 3 146
36 4 126
36 5 108
36 6 88
36 7 106
36 8 126
36 9 144
36 10 173
36 11 155
36 12 135
36 13 117
36 14 97
36 15 79
36 16 59
36 17 77
36 18 97
36 19 115
36 20 143
36 21 125
36 22 105
36 23 87
36 24 67
36 25 49
36 26 29
36 27 47
36 28 67
36 29 85
36 30 114
36 31 96
36 32 76
36 33 58
36 34 38
36 35 20
36 36 0
36 37 18
36 38 38
36 39 56
36 40 144
36 41 126
36 42 106
36 43 88
36 44 68
36 45 50
36 46 30
36 47 48
36 48 68
36 49 86
36 50 173
36 51 155
36 52 135
36 53 117
36 54 97
36 55 79
36 56 59
36 57 77
36 58 97
36 59 115
36 60 203
36 61 185
36 62 165
36 63 147
36 64 127
36 65 109
36 66 89
36 67 107
36 68 127
36 69 145
36 70 232
36 71 214
36 72 194
36 73 176
36 74 156
36 75 138
36 76 118
36 77 136
36 78 156
36 79 174
37 0 220
37 1 202
37 2 182
37 3 164
37 4 144
37 5 126
37 6 106
37 7 88
37 8 108
37 9 126
37 10 191
37 11 173
37 12 153
37 13 135
37 14 115
37 15 97
37 16 77
37 17 59
37 18 79
37 19 97
37 20 161
37 21 143
37 22 123
37 23 105
37 24 85
37 25 67
37 26 47
37 27 29
37 28 49
37 29 67
37 30 132
37 31 114
37 32 94
37 33 76
37 34 56
37 35 38
37 36 18
37 37 0
37 38 20
37 39 38
37 40 162
37 41 144
37 42 124
37 43 106
37 44 86
37 45 68
37 46 48
37 47 30
37 48 50
37 49 68
37 50 191
37 51 173
37 52 153
37 53 135
37 54 115
37 55 97
37 56 77
37 57 59
37 58 79
37 59 97
37 60 221
37 61 203
37 62 183
37 63 165
37 64 145
37 65 127
37 66 107
37 67 89
37 68 109
37 69 127
37 70 250
37 71 232
37 72 212
37 73 194
37 74 174
37 75 156
37 76 136
37 77 118
37 78 138
37 79 156
38 0 240
38 1 222
38 2 202
38 3 184
38 4 164
38 5 146
38 6 126
38 7 108
38 8 88
38 9 106
38 10 211
38 11 193
38 12 173
38 13 155
38 14 135
38 15 117
38 16 97
38 17 79
38 18 59
38 19 77
38 20 181
38 21 163
38 22 143
38 23 125
38 24 105
38 25 87
38 26 67
38 27 49
38 28 29
38 29 47
38 30 152
38 31 134
38 32 114
38 33 96
38 34 76
38 35 58
38 36 38
38 37 20
38 38 0
38 39 18
38 40 182
38 41 164
38 42 144
38 43 126
38 44 106
38 45 88
38 46 68
38 47 50
38 48 30
38 49 48
38 50 211
38 51 193
38 52 173
38 53 155
38 54 135
38 55 117
38 56 97
38 57 79
38 58 59
38 59 77
38 60 241
38 61 223
38 62 203
38 63 185
38 64 165
38 65 147
38 66 127
38 67 109
38 68 89
38 69 107
38 70 270
38 71 252
38 72 232
38 73 214
38 74 194
38 75 176
38 76 156
38 77 138
38 78 118
38 79 136
39 0 258
39 1 240
39 2 220
39 3 202
39 4 182
39 5 164
39 6 144
39 7 126
39 8 106
39 9 88
39 10 229
39 11 211
39 12 191
39 13 173
39 14 153
39 15 135
39 16 115
39 17 97
39 18 77
39 19 59
39 20 199
39 21 181
39 22 161
39 23 143
39 24 123
39 25 105
39 26 85
39 27 67
39 28 47
39 29 29
39 30 170
39 31 152
39 32 132
39 33 114
39 34 94
39 35 76
39 36 56
39 37 38
39 38 18
39 39 0
39 40 200
39 41 182
39 42 162
39 43 144
39 44 124
39 45 106
39 46 86
39 47 68
39 48 48
39 49 30
39 50 229
39 51 211
39 52 191
39 53 173
39 54 153
39 55 135
39 56 115
39 57 97
39 58 77
39 59 59
39 60 259
39 61 241
39 62 221
39 63 203
39 64 183
39 65 165
39 66 145
39 67 127
39 68 107
39 69 89
39 70 288
39 71 270
39 72 250
39 73 232
39 74 212
39 75 194
39 76 174
39 77 156
39 78 136
39 79 118
40 0 118
40 1 136
40 2 156
40 3 174
40 4 194
40 5 212
40 6 232
40 7 250
40 8 270
40 9 288
40 10 89
40 11 107
40 12 127
40 13 145
40 14 165
40 15 183
40 16 203
40 17 221
40 18 241
40 19 259
40 20 59
40 21 77
40 22 97
40 23 115
40 24 135
40 25 153
40 26 173
40 27 191
40 28 211
40 29 229
40 30 30
40 31 48
40 32 68
40 33 86
40 34 106
40 35 124
40 36 144
40 37 162
40 38 182
40 39 200
40 40 0
40 41 18
40 42 38
40 43 56
40 44 76
40 45 94
40 46 114
40 47 132
40 48 152
40 49 170
40 50 29
40 51 47
40 52 67
40 53 85
40 54 105
40 55 123
40 56 143
40 57 161
40 58 181
40 59 199
40 60 59
40 61 77
40 62 97
40 63 115
40 64 135
40 65 153
40 66 173
40 67 191
40 68 211
40 69 229
40 70 88
40 71 106
40 72 126
40 73 144
40 74 164
40 75 182
40 76 202
40 77 220
40 78 240
40 79 258
41 0 136
41 1 118
41 2 138
41 3 156
41 4 176
41 5 194
41 6 214
41 7 232
41 8 252
41 9 270
41 10 107
41 11 89
41 12 109
41 13 127
41 14 147
41 15 165
41 16 185
41 17 203
41 18 223
41 19 241
41 20 77
41 21 59
41 22 79
41 23 97
41 24 117
41 25 135
41 26 155
41 27 173
41 28 193
41 29 211
41 30 48
41 31 30
41 32 50
41 33 68
41 34 88
41 35 106
41 36 126
41 37 144
41 38 164
41 39 182
41 40 18
41 41 0
41 42 20
41 43 38
41 44 58
41 45 76
41 46 96
41 47 114
41 48 134
41 49 152
41 50 47
41 51 29
41 52 49
41 53 67
41 54 87
41 55 105
41 56 125
41 57 143
41 58 163
41 59 181
41 60 77
41 61 59
41 62 79
41 63 97
41 64 117
41 65 135
41 66 155
41 67 173
41 68 193
41 69 211
41 70 106
41 71 88
41 72 108
41 73 126
41 74 146
41 75 164
41 76 184
41 77 202
41 78 222
41 79 240
42 0 156
42 1 138
42 2 118
42 3 136
42 4 156
42 5 174
42 6 194
42 7 212
42 8 232
42 9 250
42 10 127
42 11 109
42 12 89
42 13 107
42 14 127
42 15 145
42 16 165
42 17 183
42 18 203
42 19 221
42 20 97
42 21 79
42 22 59
42 23 77
42 24 97
42 25 115
42 26 135
42 27 153
42 28 173
42 29 191
42 30 68
42 31 50
42 32 30
42 33 48
42 34 68
42 35 86
42 36 106
42 37 124
42 38 144
42 39 162
42 40 38
42 41 20
42 42 0
42 43 18
42 44 38
42 45 56
42 46 76
42 47 94
42 48 114
42 49 132
42 50 67
42 51 49
42 52 29
42 53 47
42 54 67
42 55 85
42 56 105
42 57 123
42 58 143
42 59 161
42 60 97
42 61 79
42 62 59
42 63 77
42 64 97
42 65 115
42 66 135
42 67 153
42 68 173
42 69 191
42 70 126
42 71 108
42 72 88
42 73 106
42 74 126
42 75 144
42 76 164
42 77 182
42 78 202
42 79 220
43 0 174
43 1 156
43 2 136
43 3 118
43 4 138
43 5 156
43 6 176
43 7 194
43 8 214
43 9 232
43 10 145
43 11 127
43 12 107
43 13 89
43 14 109
43 15 127
43 16 147
43 17 165
43 18 185
43 19 203
43 20 115
43 21 97
43 22 77
43 23 59
43 24 79
43 25 97
43 26 117
43 27 135
43 28 155
43 29 173
43 30 86
43 31 68
43 32 48
43 33 30
43 34 50
43 35 68
43 36 88
43 37 106
43 38 126
43 39 144
43 40 56
43 41 38
43 42 18
43 43 0
43 44 20
43 45 38
43 46 58
43 47 76
43 48 96
43 49 114
43 50 85
43 51 67
43 52 47
43 53 29
43 54 49
43 55 67
43 56 87
43 57 105
43 58 125
43 59 143
43 60 115
43 61 97
43 62 77
43 63 59
43 64 79
43 65 97
43 66 117
43 67 135
43 68 155
43 69 173
43 70 144
43 71 126
43 72 106
43 73 88
43 74 108
43 75 126
43 76 146
43 77 164
43 78 184
43 79 202
44 0 194
44 1 176
44 2 156
44 3 138
44 4 118
44 5 136
44 6 156
44 7 174
44 8 194
44 9 212
44 10 165
44 11 147
44 12 127
44 13 109
44 14 89
44 15 107
44 16 127
44 17 145
44 18 165
44 19 183
44 20 135
44 21 117
44 22 97
44 23 79
44 24 59
44 25 77
44 26 97
44 27 115
44 28 135
44 29 153
44 30 106
44 31 88
44 32 68
44 33 50
44 34 30
44 35 48
44 36 68
44 37 86
44 38 106
44 39 124
44 40 76
44 41 58
44 42 38
44 43 20
44 44 0
44 45 18
44 46 38
44 47 56
44 48 76
44 49 94
44 50 105
44 51 87
44 52 67
44 53 49
44 54 29
44 55 47
44 56 67
44 57 85
44 58 105
44 59 123
44 60 135
44 61 117
44 62 97
44 63 79
44 64 59
44 65 77
44 66 97
44 67 115
44 68 135
44 69 153
44 70 164
44 71 146
44 72 126
44 73 108
44 74 88
44 75 106
44 76 126
44 77 144
44 78 164
44 79 182
45 0 212
45 1 194
45 2 174
45 3 156
45 4 136
45 5 118
45 6 138
45 7 156
45 8 176
45 9 194
45 10 183
45 11 165
45 12 145
45 13 127
45 14 107
45 15 89
45 16 109
45 17 127
45 18 147
45 19 165
45 20 153
45 21 135
45 22 115
45 23 97
45 24 77
45 25 59
45 26 79
45 27 97
45 28 117
45 29 135
45 30 124
45 31 106
45 32 86
45 33 68
45 34 48
45 35 30
45 36 50
45 37 68
45 38 88
45 39 106
45 40 94
45 41 76
45 42 56
45 43 38
45 44 18
45 45 0
45 46 20
45 47 38
45 48 58
45 49 76
45 50 123
45 51 105
45 52 85
45 53 67
45 54 47
45 55 29
45 56 49
45 57 67
45 58 87
45 59 105
45 60 153
45 61 135
45 62 115
45 63 97
45 64 77
45 65 59
45 66 79
45 67 97
45 68 117
45 69 135
45 70 182
45 71 164
45 72 144
45 73 126
45 74 106
45 75 88
45 76 108
45 77 126
45 78 146
45 79 164
46 0 232
46 1 214
46 2 194
46 3 176
46 4 156
46 5 138
46 6 118
46 7 136
46 8 156
46 9 174
46 10 203
46 11 185
46 12 165
46 13 147
46 14 127
46 15 109
46 16 89
46 17 107
46 18 127
46 19 145
46 20 173
46 21 155
46 22 135
46 23 117
46 24 97
46 25 79
46 26 59
46 27 77
46 28 97
46 29 115
46 30 144
46 31 126
46 32 106
46 33 88
46 34 68
46 35 50
46 36 30
46 37 48
46 38 68
46 39 86
46 40 114
46 41 96
46 42 76
46 43 58
46 44 38
46 45 20
46 46 0
46 47 18
46 48 38
46 49 56
46 50 143
46 51 125
46 52 105
46 53 87
46 54 67
46 55 49
46 56 29
46 57 47
46 58 67
46 59 85
46 60 173
46 61 155
46 62 135
46 63 117
46 64 97
46 65 79
46 66 59
46 67 77
46 68 97
46 69 115
46 70 202
46 71 184
46 72 164
46 73 146
46 74 126
46 75 108
46 76 88
46 77 106
46 78 126
46 79 144
47 0 250
47 1 232
47 2 212
47 3 194
47 4 174
47 5 156
47 6 136
47 7 118
47 8 138
47 9 156
47 10 221
47 11 203
47 12 183
47 13 165
47 14 145
47 15 127
47 16 107
47 17 89
47 18 109
47 19 127
47 20 191
47 21 173
47 22 153
47 23 135
47 24 115
47 25 97
47 26 77
47 27 59
47 28 79
47 29 97
47 30 162
47 31 144
47 32 124
47 33 106
47 34 86
47 35 68
47 36 48
47 37 30
47 38 50
47 39 68
47 40 132
47 41 114
47 42 94
47 43 76
47 44 56
47 45 38
47 46 18
47 47 0
47 48 20
47 49 38
47 50 161
47 51 143
47 52 123
47 53 105
47 54 85
47 55 67
47 56 47
47 57 29
47 58 49
47 59 67
47 60 191
47 61 173
47 62 153
47 63 135
47 64 115
47 65 97
47 66 77
47 67 59
47 68 79
47 69 97
47 70 220
47 71 202
47 72 182
47 73 164
47 74 144
47 75 126
47 76 106
47 77 88
47 78 108
47 79 126
48 0 270
48 1 252
48 2 232
48 3 214
48 4 194
48 5 176
48 6 156
48 7 138
48 8 118
48 9 136
48 10 241
48 11 223
48 12 203
48 13 185
48 14 165
48 15 147
48 16 127
48 17 109
48 18 89
48 19 107
48 20 211
48 21 193
48 22 173
48 23 155
48 24 135
48 25 117
48 26 97
48 27 79
48 28 59
48 29 77
48 30 182
48 31 164
48 32 144
48 33 126
48 34 106
48 35 88
48 36 68
48 37 50
48 38 30
48 39 48
48 40 152
48 41 134
48 42 114
48 43 96
48 44 76
48 45 58
48 46 38
48 47 20
48 48 0
48 49 18
48 50 181
48 51 163
48 52 143
48 53 125
48 54 105
48 55 87
48 56 67
48 57 49
48 58 29
48 59 47
48 60 211
48 61 193
48 62 173
48 63 155
48 64 135
48 65 117
48 66 97
48 67 79
48 68 59
48 69 77
48 70 240
48 71 222
48 72 202
48 73 184
48 74 164
48 75 146
48 76 126
48 77 108
48 78 88
48 79 106
49 0 288
49 1 270
49 2 250
49 3 232
49 4 212
49 5 194
49 6 174
49 7 156
49 8 136
49 9 118
49 10 259
49 11 241
49 12 221
49 13 203
49 14 183
49 15 165
49 16 145
49 17 127
49 18 107
49 19 89
49 20 229
49 21 211
49 22 191
49 23 173
49 24 153
49 25 135
49 26 115
49 27 97
49 28 77
49 29 59
49 30 200
49 31 182
49 32 162
49 33 144
49 34 124
49 35 106
49 36 86
49 37 68
49 38 48
49 39 30
49 40 170
49 41 152
49 42 132
49 43 114
49 44 94
49 45 76
49 46 56
49 47 38
49 48 18
49 49 0
49 50 199
49 51 181
49 52 161
49 53 143
49 54 123
49 55 105
49 56 85
49 57 67
49 58 47
49 59 29
49 60 229
49 61 211
49 62 191
49 63 173
49 64 153
49 65 135
49 66 115
49 67 97
49 68 77
49 69 59
49 70 258
49 71 240
49 72 220
49 73 202
49 74 182
49 75 164
49 76 144
49 77 126
49 78 106
49 79 88
50 0 147
50 1 165
50 2 185
50 3 203
50 4 223
50 5 241
50 6 261
50 7 279
50 8 299
50 9 317
50 10 118
50 11 136
50 12 156
50 13 174
50 14 194
50 15 212
50 16 232
50 17 250
50 18 270
50 19 288
50 20 88
50 21 106
50 22 126
50 23 144
50 24 164
50 25 182
50 26 202
50 27 220
50 28 240
50 29 258
50 30 59
50 31 77
50 32 97
50 33 115
50 34 135
50 35 153
50 36 173
50 37 191
50 38 211
50 39 229
50 40 29
50 41 47
50 42 67
50 43 85
50 44 105
50 45 123
50 46 143
50 47 161
50 48 181
50 49 199
50 50 0
50 51 18
50 52 38
50 53 56
50 54 76
50 55 94
50 56 114
50 57 132
50 58 152
50 59 170
50 60 30
50 61 48
50 62 68
50 63 86
50 64 106
50 65 124
50 66 144
50 67 162
50 68 182
50 69 200
50 70 59
50 71 77
50 72 97
50 73 115
50 74 135
50 75 153
50 76 173
50 77 191
50 78 211
50 79 229
51 0 165
51 1 147
51 2 167
51 3 185
51 4 205
51 5 223
51 6 243
51 7 261
51 8 281
51 9 299
51 10 136
51 11 118
51 12 138
51 13 156
51 14 176
51 15 194
51 16 214
51 17 232
51 18 252
51 19 270
51 20 106
51 21 88
51 22 108
51 23 126
51 24 146
51 25 164
51 26 184
51 27 202
51 28 222
51 29 240
51 30 77
51 31 59
51 32 79
51 33 97
51 34 117
51 35 135
51 36 155
51 37 173
51 38 193
51 39 211
51 40 47
51 41 29
51 42 49
51 43 67
51 44 87
51 45 105
51 46 125
51 47 143
51 48 163
51 49 181
51 50 18
51 51 0
51 52 20
51 53 38
51 54 58
51 55 76
51 56 96
51 57 114
51 58 134
51 59 152
51 60 48
51 61 30
51 62 50
51 63 68
51 64 88
51 65 106
51 66 126
51 67 144
51 68 164
51 69 182
51 70 77
51 71 59
51 72 79
51 73 97
51 74 117
51 75 135
51 76 155
51 77 173
51 78 193
51 79 211
52 0 185
52 1 167
52 2 147
52 3 165
52 4 185
52 5 203
52 6 223
52 7 241
52 8 261
52 9 279
52 10 156
52 11 138
52 12 118
52 13 136
52 14 156
52 15 174
52 16 194
52 17 212
52 18 232
52 19 250
52 20 126
52 21 108
52 22 88
52 23 106
52 24 126
52 25 144
52 26 164
52 27 182
52 28 202
52 29 220
52 30 97
52 31 79
52 32 59
52 33 77
52 34 97
52 35 115
52 36 135
52 37 153
52 38 173
52 39 191
52 40 67
52 41 49
52 42 29
52 43 47
52 44 67
52 45 85
52 46 105
52 47 123
52 48 143
52 49 161
52 50 38
52 51 20
52 52 0
52 53 18
52 54 38
52 55 56
52 56 76
52 57 94
52 58 114
52 59 132
52 60 68
52 61 50
52 62 30
52 63 48
52 64 68
52 65 86
52 66 106
52 67 124
52 68 144
52 69 162
52 70 97
52 71 79
52 72 59
52 73 77
52 74 97
52 75 115
52 76 135
52 77 153
52 78 173
52 79 191
53 0 203
53 1 185
53 2 165
53 3 147
53 4 167
53 5 185
53 6 205
53 7 223
53 8 243
53 9 261
53 10 174
53 11 156
53 12 136
53 13 118
53 14 138
53 15 156
53 16 176
53 17 194
53 18 214
53 19 232
53 20 144
53 21 126
53 22 106
53 23 88
53 24 108
53 25 126
53 26 146
53 27 164
53 28 184
53 29 202
53 30 115
53 31 97
53 32 77
53 33 59
53 34 79
53 35 97
53 36 117
53 37 135
53 38 155
53 39 173
53 40 85
53 41 67
53 42 47
53 43 29
53 44 49
53 45 67
53 46 87
53 47 105
53 48 125
53 49 143
53 50 56
53 51 38
53 52 18
53 53 0
53 54 20
53 55 38
53 56 58
53 57 76
53 58 96
53 59 114
53 60 86
53 61 68
53 62 48
53 63 30
53 64 50
53 65 68
53 66 88
53 67 106
53 68 126
53 69 144
53 70 115
53 71 97
53 72 77
53 73 59
53 74 79
53 75 97
53 76 117
53 77 135
53 78 155
53 79 173
54 0 223
54 1 205
54 2 185
54 3 167
54 4 147
54 5 165
54 6 185
54 7 203
54 8 223
54 9 241
54 10 194
54 11 176
54 12 156
54 13 138
54 14 118
54 15 136
54 16 156
54 17 174
54 18 194
54 19 212
54 20 164
54 21 146
54 22 126
54 23 108
54 24 88
54 25 106
54 26 126
54 27 144
54 28 164
54 29 182
54 30 135
54 31 117
54 32 97
54 33 79
54 34 59
54 35 77
54 36 97
54 37 115
54 38 135
54 39 153
54 40 105
54 41 87
54 42 67
54 43 49
54 44 29
54 45 47
54 46 67
54 47 85
54 48 105
54 49 123
54 50 76
54 51 58
54 52 38
54 53 20
54 54 0
54 55 18
54 56 38
54 57 56
54 58 76
54 59 94
54 60 106
54 61 88
54 62 68
54 63 50
54 64 30
54 65 48
54 66 68
54 67 86
54 68 106
54 69 124
54 70 135
54 71 117
54 72 97
54 73 79
54 74 59
54 75 77
54 76 97
54 77 115
54 78 135
54 79 153
55 0 241
55 1 223
55 2 203
55 3 185
55 4 165
55 5 147
55 6 167
55 7 185
55 8 205
55 9 223
55 10 212
55 11 194
55 12 174
55 13 156
55 14 136
55 15 118
55 16 138
55 17 156
55 18 176
55 19 194
55 20 182
55 21 164
55 22 144
55 23 126
55 24 106
55 25 88
55 26 108
55 27 126
55 28 146
55 29 164
55 30 153
55 31 135
55 32 115
55 33 97
55 34 77
55 35 59
55 36 79
55 37 97
55 38 117
55 39 135
55 40 123
55 41 105
55 42 85
55 43 67
55 44 47
55 45 29
55 46 49
55 47 67
55 48 87
55 49 105
55 50 94
55 51 76
55 52 56
55 53 38
55 54 18
55 55 0
55 56 20
55 57 38
55 58 58
55 59 76
55 60 124
55 61 106
55 62 86
55 63 68
55 64 48
55 65 30
55 66 50
55 67 68
55 68 88
55 69 106
55 70 153
55 71 135
55 72 115
55 73 97
55 74 77
55 75 59
55 76 79
55 77 97
55 78 117
55 79 135
56 0 261
56 1 243
56 2 223
56 3 205
56 4 185
56 5 167
56 6 147
56 7 165
56 8 185
56 9 203
56 10 232
56 11 214
56 12 194
56 13 176
56 14 156
56 15 138
56 16 118
56 17 136
56 18 156
56 19 174
56 20 202
56 21 184
56 22 164
56 23 146
56 24 126
56 25 108
56 26 88
56 27 106
56 28 126
56 29 144
56 30 173
56 31 155
56 32 135
56 33 117
56 34 97
56 35 79
56 36 59
56 37 77
56 38 97
56 39 115
56 40 143
56 41 125
56 42 105
56 43 87
56 44 67
56 45 49
56 46 29
56 47 47
56 48 67
56 49 85
56 50 114
56 51 96
56 52 76
56 53 58
56 54 38
56 55 20
56 56 0
56 57 18
56 58 38
56 59 56
56 60 144
56 61 126
56 62 106
56 63 88
56 64 68
56 65 50
56 66 30
56 67 48
56 68 68
56 69 86
56 70 173
56 71 155
56 72 135
56 73 117
56 74 97
56 75 79
56 76 59
56 77 77
56 78 97
56 79 115
57 0 279
57 1 261
57 2 241
57 3 223
57 4 203
57 5 185
57 6 165
57 7 147
57 8 167
57 9 185
57 10 250
57 11 232
57 12 212
57 13 194
57 14 174
57 15 156
57 16 136
57 17 118
57 18 138
57 19 156
57 20 220
57 21 202
57 22 182
57 23 164
57 24 144
57 25 126
57 26 106
57 27 88
57 28 108
57 29 126
57 30 191
57 31 173
57 32 153
57 33 135
57 34 115
57 35 97
57 36 77
57 37 59
57 38 79
57 39 97
57 40 161
57 41 143
57 42 123
57 43 105
57 44 85
57 45 67
57 46 47
57 47 29
57 48 49
57 49 67
57 50 132
57 51 114
57 52 94
57 53 76
57 54 56
57 55 38
57 56 18
57 57 0
57 58 20
57 59 38
57 60 162
57 61 144
57 62 124
57 63 106
57 64 86
57 65 68
57 66 48
57 67 30
57 68 50
57 69 68
57 70 191
57 71 173
57 72 153
57 73 135
57 74 115
57 75 97
57 76 77
57 77 59
57 78 79
57 79 97
58 0 299
58 1 281
58 2 261
58 3 243
58 4 223
58 5 205
58 6 185
58 7 167
58 8 147
58 9 165
58 10 270
58 11 252
58 12 232
58 13 214
58 14 194
58 15 176
58 16 156
58 17 138
58 18 118
58 19 136
58 20 240
58 21 222
58 22 202
58 23 184
58 24 164
58 25 146
58 26 126
58 27 108
58 28 88
58 29 106
58 30 211
58 31 193
58 32 173
58 33 155
58 34 135
58 35 117
58 36 97
58 37 79
58 38 59
58 39 77
58 40 181
58 41 163
58 42 143
58 43 125
58 44 105
58 45 87
58 46 67
58 47 49
58 48 29
58 49 47
58 50 152
58 51 134
58 52 114
58 53 96
58 54 76
58 55 58
58 56 38
58 57 20
58 58 0
58 59 18
58 60 182
58 61 164
58 62 144
58 63 126
58 64 106
58 65 88
58 66 68
58 67 50
58 68 30
58 69 48
58 70 211
58 71 193
58 72 173
58 73 155
58 74 135
58 75 117
58 76 97
58 77 79
58 78 59
58 79 77
59 0 317
59 1 299
59 2 279
59 3 261
59 4 241
59 5 223
59 6 203
59 7 185
59 8 165
59 9 147
59 10 288
59 11 270
59 12 250
59 13 232
59 14 212
59 15 194
59 16 174
59 17 156
59 18 136
59 19 118
59 20 258
59 21 240
59 22 220
59 23 202
59 24 182
59 25 164
59 26 144
59 27 126
59 28 106
59 29 88
59 30 229
59 31 211
59 32 191
59 33 173
59 34 153
59 35 135
59 36 115
59 37 97
59 38 77
59 39 59
59 40 199
59 41 181
59 42 161
59 43 143
59 44 123
59 45 105
59 46 85
59 47 67
59 48 47
59 49 29
59 50 170
59 51 152
59 52 132
59 53 114
59 54 94
59 55 76
59 56 56
59 57 38
59 58 18
59 59 0
59 60 200
59 61 182
59 62 162
59 63 144
59 64 124
59 65 106
59 66 86
59 67 68
59 68 48
59 69 30
59 70 229
59 71 211
59 72 191
59 73 173
59 74 153
59 75 135
59 76 115
59 77 97
59 78 77
59 79 59
60 0 177
60 1 195
60 2 215
60 3 233
60 4 253
60 5 271
60 6 291
60 7 309
60 8 329
60 9 347
60 10 148
60 11 166
60 12 186
60 13 204
60 14 224
60 15 242
60 16 262
60 17 280
60 18 300
60 19 318
60 20 118
60 21 136
60 22 156
60 23 174
60 24 194
60 25 212
60 26 232
60 27 250
60 28 270
60 29 288
60 30 89
60 31 107
60 32 127
60 33 145
60 34 165
60 35 183
60 36 203
60 37 221
60 38 241
60 39 259
60 40 59
60 41 77
60 42 97
60 43 115
60 44 135
60 45 153
60 46 173
60 47 191
60 48 211
60 49 229
60 50 30
60 51 48
60 52 68
60 53 86
60 54 106
60 55 124
60 56 144
60 57 162
60 58 182
60 59 200
60 60 0
60 61 18
60 62 38
60 63 56
60 64 76
60 65 94
60 66 114
60 67 132
60 68 152
60 69 170
60 70 29
60 71 47
60 72 67
60 73 85
60 74 105
60 75 123
60 76 143
60 77 161
60 78 181
60 79 199
61 0 195
61 1 177
61 2 197
61 3 215
61 4 235
61 5 253
61 6 273
61 7 291
61 8 311
61 9 329
61 10 166
61 11 148
61 12 168
61 13 186
61 14 206
61 15 224
61 16 244
61 17 262
61 18 282
61 19 300
61 20 136
61 21 118
61 22 138
61 23 156
61 24 176
61 25 194
61 26 214
61 27 232
61 28 252
61 29 270
61 30 107
61 31 89
61 32 109
61 33 127
61 34 147
61 35 165
61 36 185
61 37 203
61 38 223
61 39 241
61 40 77
61 41 59
61 42 79
61 43 97
61 44 117
61 45 135
61 46 155
61 47 173
61 48 193
61 49 211
61 50 48
61 51 30
61 52 50
61 53 68
61 54 88
61 55 106
61 56 126
61 57 144
61 58 164
61 59 182
61 60 18
61 61 0
61 62 20
61 63 38
61 64 58
61 65 76
61 66 96
61 67 114
61 68 134
61 69 152
61 70 47
61 71 29
61 72 49
61 73 67
61 74 87
61 75 105
61 76 125
61 77 143
61 78 163
61 79 181
62 0 215
62 1 197
62 2 177
62 3 195
62 4 215
62 5 233
62 6 253
62 7 271
62 8 291
62 9 309
62 10 186
62 11 168
62 12 148
62 13 166
62 14 186
62 15 204
62 16 224
62 17 242
62 18 262
62 19 280
62 20 156
62 21 138
62 22 118
62 23 136
62 24 156
62 25 174
62 26 194
62 27 212
62 28 232
62 29 250
62 30 127
62 31 109
62 32 89
62 33 107
62 34 127
62 35 145
62 36 165
62 37 183
62 38 203
62 39 221
62 40 97
62 41 79
62 42 59
62 43 77
62 44 97
62 45 115
62 46 135
62 47 153
62 48 173
62 49 191
62 50 68
62 51 50
62 52 30
62 53 48
62 54 68
62 55 86
62 56 106
62 57 124
62 58 144
62 59 162
62 60 38
62 61 20
62 62 0
62 63 18
62 64 38
62 65 56
62 66 76
62 67 94
62 68 114
62 69 132
62 70 67
62 71 49
62 72 29
62 73 47
62 74 67
62 75 85
62 76 105
62 77 123
62 78 143
62 79 161
63 0 233
63 1 215
63 2 195
63 3 177
63 4 197
63 5 215
63 6 235
63 7 253
63 8 273
63 9 291
63 10 204
63 11 186
63 12 166
63 13 148
63 14 168
63 15 186
63 16 206
63 17 224
63 18 244
63 19 262
63 20 174
63 21 156
63 22 136
63 23 118
63 24 138
63 25 156
63 26 176
63 27 194
63 28 214
63 29 232
63 30 145
63 31 127
63 32 107
63 33 89
63 34 109
63 35 127
63 36 147
63 37 165
63 38 185
63 39 203
63 40 115
63 41 97
63 42 77
63 43 59
63 44 79
63 45 97
63 46 117
63 47 135
63 48 155
63 49 173
63 50 86
63 51 68
63 52 48
63 53 30
63 54 50
63 55 68
63 56 88
63 57 106
63 58 126
63 59 144
63 60 56
63 61 38
63 62 18
63 63 0
63 64 20
63 65 38
63 66 58
63 67 76
63 68 96
63 69 114
63 70 85
63 71 67
63 72 47
63 73 29
63 74 49
63 75 67
63 76 87
63 77 105
63 78 125
63 79 143
64 0 253
64 1 235
64 2 215
64 3 197
64 4 177
64 5 195
64 6 215
64 7 233
64 8 253
64 9 271
64 10 224
64 11 206
64 12 186
64 13 168
64 14 148
64 15 166
64 16 186
64 17 204
64 18 224
64 19 242
64 20 194
64 21 176
64 22 156
64 23 138
64 24 118
64 25 136
64 26 156
64 27 174
64 28 194
64 29 212
64 30 165
64 31 147
64 32 127
64 33 109
64 34 89
64 35 107
64 36 127
64 37 145
64 38 165
64 39 183
64 40 135
64 41 117
64 42 97
64 43 79
64 44 59
64 45 77
64 46 97
64 47 115
64 48 135
64 49 153
64 50 106
64 51 88
64 52 68
64 53 50
64 54 30
64 55 48
64 56 68
64 57 86
64 58 106
64 59 124
64 60 76
64 61 58
64 62 38
64 63 20
64 64 0
64 65 18
64 66 38
64 67 56
64 68 76
64 69 94
64 70 105
64 71 87
64 72 67
64 73 49
64 74 29
64 75 47
64 76 67
64 77 85
64 78 105
64 79 123
65 0 271
65 1 253
65 2 233
65 3 215
65 4 195
65 5 177
65 6 197
65 7 215
65 8 235
65 9 253
65 10 242
65 11 224
65 12 204
65 13 186
65 14 166
65 15 148
65 16 168
65 17 186
65 18 206
65 19 224
65 20 212
65 21 194
65 22 174
65 23 156
65 24 136
65 25 118
65 26 138
65 27 156
65 28 176
65 29 194
65 30 183
65 31 165
65 32 145
65 33 127
65 34 107
65 35 89
65 36 109
65 37 127
65 38 147
65 39 165
65 40 153
65 41 135
65 42 115
65 43 97
65 44 77
65 45 59
65 46 79
65 47 97
65 48 117
65 49 135
65 50 124
65 51 106
65 52 86
65 53 68
65 54 48
65 55 30
65 56 50
65 57 68
65 58 88
65 59 106
65 60 94
65 61 76
65 62 56
65 63 38
65 64 18
65 65 0
65 66 20
65 67 38
65 68 58
65 69 76
65 70 123
65 71 105
65 72 85
65 73 67
65 74 47
65 75 29
65 76 49
65 77 67
65 78 87
65 79 105
66 0 291
66 1 273
66 2 253
66 3 235
66 4 215
66 5 197
66 6 177
66 7 195
66 8 215
66 9 233
66 10 262
66 11 244
66 12 224
66 13 206
66 14 186
66 15 168
66 16 148
66 17 166
66 18 186
66 19 204
66 20 232
66 21 214
66 22 194
66 23 176
66 24 156
66 25 138
66 26 118
66 27 136
66 28 156
66 29 174
66 30 203
66 31 185
66 32 165
66 33 147
66 34 127
66 35 109
66 36 89
66 37 107
66 38 127
66 39 145
66 40 173
66 41 155
66 42 135
66 43 117
66 44 97
66 45 79
66 46 59
66 47 77
66 48 97
66 49 115
66 50 144
66 51 126
66 52 106
66 53 88
66 54 68
66 55 50
66 56 30
66 57 48
66 58 68
66 59 86
66 60 114
66 61 96
66 62 76
66 63 58
66 64 38
66 65 20
66 66 0
66 67 18
66 68 38
66 69 56
66 70 143
66 71 125
66 72 105
66 73 87
66 74 67
66 75 49
66 76 29
66 77 47
66 78 67
66 79 85
67 0 309
67 1 291
67 2 271
67 3 253
67 4 233
67 5 215
67 6 195
67 7 177
67 8 197
67 9 215
67 10 280
67 11 262
67 12 242
67 13 224
67 14 204
67 15 186
67 16 166
67 17 148
67 18 168
67 19 186
67 20 250
67 21 232
67 22 212
67 23 194
67 24 174
67 25 156
67 26 136
67 27 118
67 28 138
67 29 156
67 30 221
67 31 203
67 32 183
67 33 165
67 34 145
67 35 127
67 36 107
67 37 89
67 38 109
67 39 127
67 40 191
67 41 173
67 42 153
67 43 135
67 44 115
67 45 97
67 46 77
67 47 59
67 48 79
67 49 97
67 50 162
67 51 144
67 52 124
67 53 106
67 54 86
67 55 68
67 56 48
67 57 30
67 58 50
67 59 68
67 60 132
67 61 114
67 62 94
67 63 76
67 64 56
67 65 38
67 66 18
67 67 0
67 68 20
67 69 38
67 70 161
67 71 143
67 72 123
67 73 105
67 74 85
67 75 67
67 76 47
67 77 29
67 78 49
67 79 67
68 0 329
68 1 311
68 2 291
68 3 273
68 4 253
68 5 235
68 6 215
68 7 197
68 8 177
68 9 195
68 10 300
68 11 282
68 12 262
68 13 244
68 14 224
68 15 206
68 16 186
68 17 168
68 18 148
68 19 166
68 20 270
68 21 252
68 22 232
68 23 214
68 24 194
68 25 176
68 26 156
68 27 138
68 28 118
68 29 136
68 30 241
68 31 223
68 32 203
68 33 185
68 34 165
68 35 147
68 36 127
68 37 109
68 38 89
68 39 107
68 40 211
68 41 193
68 42 173
68 43 155
68 44 135
68 45 117
68 46 97
68 47 79
68 48 59
68 49 77
68 50 182
68 51 164
68 52 144
68 53 126
68 54 106
68 55 88
68 56 68
68 57 50
68 58 30
68 59 48
68 60 152
68 61 134
68 62 114
68 63 96
68 64 76
68 65 58
68 66 38
68 67 20
68 68 0
68 69 18
68 70 181
68 71 163
68 72 143
68 73 125
68 74 105
68 75 87
68 76 67
68 77 49
68 78 29
68 79 47
69 0 347
69 1 329
69 2 309
69 3 291
69 4 271
69 5 253
69 6 233
69 7 215
69 8 195
69 9 177
69 10 318
69 11 300
69 12 280
69 13 262
69 14 242
69 15 224
69 16 204
69 17 186
69 18 166
69 19 148
69 20 288
69 21 270
69 22 250
69 23 232
69 24 212
69 25 194
69 26 174
69 27 156
69 28 136
69 29 118
69 30 259
69 31 241
69 32 221
69 33 203
69 34 183
69 35 165
69 36 145
69 37 127
69 38 107
69 39 89
69 40 229
69 41 211
69 42 191
69 43 173
69 44 153
69 45 135
69 46 115
69 47 97
69 48 77
69 49 59
69 50 200
69 51 182
69 52 162
69 53 144
69 54 124
69 55 106
69 56 86
69 57 68
69 58 48
69 59 30
69 60 170
69 61 152
69 62 132
69 63 114
69 64 94
69 65 76
69 66 56
69 67 38
69 68 18
69 69 0
69 70 199
69 71 181
69 72 161
69 73 143
69 74 123
69 75 105
69 76 85
69 77 67
69 78 47
69 79 29
70 0 206
70 1 224
70 2 244
70 3 262
70 4 282
70 5 300
70 6 320
70 7 338
70 8 358
70 9 376
70 10 177
70 11 195
70 12 215
70 13 233
70 14 253
70 15 271
70 16 291
70 17 309
70 18 329
70 19 347
70 20 147
70 21 165
70 22 185
70 23 203
70 24 223
70 25 241
70 26 261
70 27 279
70 28 299
70 29 317
70 30 118
70 31 136
70 32 156
70 33 174
70 34 194
70 35 212
70 36 232
70 37 250
70 38 270
70 39 288
70 40 88
70 41 106
70 42 126
70 43 144
70 44 164
70 45 182
70 46 202
70 47 220
70 48 240
70 49 258
70 50 59
70 51 77
70 52 97
70 53 115
70 54 135
70 55 153
70 56 173
70 57 191
70 58 211
70 59 229
70 60 29
70 61 47
70 62 67
70 63 85
70 64 105
70 65 123
70 66 143
70 67 161
70 68 181
70 69 199
70 70 0
70 71 18
70 72 38
70 73 56
70 74 76
70 75 94
70 76 114
70 77 132
70 78 152
70 79 170
71 0 224
71 1 206
71 2 226
71 3 244
71 4 264
71 5 282
71 6 302
71 7 320
71 8 340
71 9 358
71 10 195
71 11 177
71 12 197
71 13 215
71 14 235
71 15 253
71 16 273
71 17 291
71 18 311
71 19 329
71 20 165
71 21 147
71 22 167
71 23 185
71 24 205
71 25 223
71 26 243
71 27 261
71 28 281
71 29 299
71 30 136
71 31 118
71 32 138
71 33 156
71 34 176
71 35 194
71 36 214
71 37 232
71 38 252
71 39 270
71 40 106
71 41 88
71 42 108
71 43 126
71 44 146
71 45 164
71 46 184
71 47 202
71 48 222
71 49 240
71 50 77
71 51 59
71 52 79
71 53 97
71 54 117
71 55 135
71 56 155
71 57 173
71 58 193
71 59 211
71 60 47
71 61 29
71 62 49
71 63 67
71 64 87
71 65 105
71 66 125
71 67 143
71 68 163
71 69 181
71 70 18
71 71 0
71 72 20
71 73 38
71 74 58
71 75 76
71 76 96
71 77 114
71 78 134
71 79 152
72 0 244
72 1 226
72 2 206
72 3 224
72 4 244
72 5 262
72 6 282
72 7 300
72 8 320
72 9 338
72 10 215
72 11 197
72 12 177
72 13 195
72 14 215
72 15 233
72 16 253
72 17 271
72 18 291
72 19 309
72 20 185
72 21 167
72 22 147
72 23 165
72 24 185
72 25 203
72 26 223
72 27 241
72 28 261
72 29 279
72 30 156
72 31 138
72 32 118
72 33 136
72 34 156
72 35 174
72 36 194
72 37 212
72 38 232
72 39 250
72 40 126
72 41 108
72 42 88
72 43 106
72 44 126
72 45 144
72 46 164
72 47 182
72 48 202
72 49 220
72 50 97
72 51 79
72 52 59
72 53 77
72 54 97
72 55 115
72 56 135
72 57 153
72 58 173
72 59 191
72 60 67
72 61 49
72 62 29
72 63 47
72 64 67
72 65 85
72 66 105
72 67 123
72 68 143
72 69 161
72 70 38
72 71 20
72 72 0
72 73 18
72 74 38
72 75 56
72 76 76
72 77 94
72 78 114
72 79 132
73 0 262
73 1 244
73 2 224
73 3 206
73 4 226
73 5 244
73 6 264
73 7 282
73 8 302
73 9 320
73 10 233
73 11 215
73 12 195
73 13 177
73 14 197
73 15 215
73 16 235
73 17 253
73 18 273
73 19 291
73 20 203
73 21 185
73 22 165
73 23 147
73 24 167
73 25 185
73 26 205
73 27 223
73 28 243
73 29 261
73 30 174
73 31 156
73 32 136
73 33 118
73 34 138
73 35 156
73 36 176
73 37 194
73 38 214
73 39 232
73 40 144
73 41 126
73 42 106
73 43 88
73 44 108
73 45 126
73 46 146
73 47 164
73 48 184
73 49 202
73 50 115
73 51 97
73 52 77
73 53 59
73 54 79
73 55 97
73 56 117
73 57 135
73 58 155
73 59 173
73 60 85
73 61 67
73 62 47
73 63 29
73 64 49
73 65 67
73 66 87
73 67 105
73 68 125
73 69 143
73 70 56
73 71 38
73 72 18
73 73 0
73 74 20
73 75 38
73 76 58
73 77 76
73 78 96
73 79 114
74 0 282
74 1 264
74 2 244
74 3 226
74 4 206
74 5 224
74 6 244
74 7 262
74 8 282
74 9 300
74 10 253
74 11 235
74 12 215
74 13 197
74 14 177
74 15 195
74 16 215
74 17 233
74 18 253
74 19 271
74 20 223
74 21 205
74 22 185
74 23 167
74 24 147
74 25 165
74 26 185
74 27 203
74 28 223
74 29 241
74 30 194
74 31 176
74 32 156
74 33 138
74 34 118
74 35 136
74 36 156
74 37 174
74 38 194
74 39 212
74 40 164
74 41 146
74 42 126
74 43 108
74 44 88
74 45 106
74 46 126
74 47 144
74 48 164
74 49 182
74 50 135
74 51 117
74 52 97
74 53 79
74 54 59
74 55 77
74 56 97
74 57 115
74 58 135
74 59 153
74 60 105
74 61 87
74 62 67
74 63 49
74 64 29
74 65 47
74 66 67
74 67 85
74 68 105
74 69 123
74 70 76
74 71 58
74 72 38
74 73 20
74 74 0
74 75 18
74 76 38
74 77 56
74 78 76
74 79 94
75 0 300
75 1 282
75 2 262
75 3 244
75 4 224
75 5 206
75 6 226
75 7 244
75 8 264
75 9 282
75 10 271
75 11 253
75 12 233
75 13 215
75 14 195
75 15 177
75 16 197
75 17 215
75 18 235
75 19 253
75 20 241
75 21 223
75 22 203
75 23 185
75 24 165
75 25 147
75 26 167
75 27 185
75 28 205
75 29 223
75 30 212
75 31 194
75 32 174
75 33 156
75 34 136
75 35 118
75 36 138
75 37 156
75 38 176
75 39 194
75 40 182
75 41 164
75 42 144
75 43 126
75 44 106
75 45 88
75 46 108
75 47 126
75 48 146
75 49 164
75 50 153
75 51 135
75 52 115
75 53 97
75 54 77
75 55 59
75 56 79
75 57 97
75 58 117
75 59 135
75 60 123
75 61 105
75 62 85
75 63 67
75 64 47
75 65 29
75 66 49
75 67 67
75 68 87
75 69 105
75 70 94
75 71 76
75 72 56
75 73 38
75 74 18
75 75 0
75 76 20
75 77 38
75 78 58
75 79 76
76 0 320
76 1 302
76 2 282
76 3 264
76 4 244
76 5 226
76 6 206
76 7 224
76 8 244
76 9 262
76 10 291
76 11 273
76 12 253
76 13 235
76 14 215
76 15 197
76 16 177
76 17 195
76 18 215
76 19 233
76 20 261
76 21 243
76 22 223
76 23 205
76 24 185
76 25 167
76 26 147
76 27 165
76 28 185
76 29 203
76 30 232
76 31 214
76 32 194
76 33 176
76 34 156
76 35 138
76 36 118
76 37 136
76 38 156
76 39 174
76 40 202
76 41 184
76 42 164
76 43 146
76 44 126
76 45 108
76 46 88
76 47 106
76 48 126
76 49 144
76 50 173
76 51 155
76 52 135
76 53 117
76 54 97
76 55 79
76 56 59
76 57 77
76 58 97
76 59 115
76 60 143
76 61 125
76 62 105
76 63 87
76 64 67
76 65 49
76 66 29
76 67 47
76 68 67
76 69 85
76 70 114
76 71 96
76 72 76
76 73 58
76 74 38
76 75 20
76 76 0
76 77 18
76 78 38
76 79 56
77 0 338
77 1 320
77 2 300
77 3 282
77 4 262
77 5 244
77 6 224
77 7 206
77 8 226
77 9 244
77 10 309
77 11 291
77 12 271
77 13 253
77 14 233
77 15 215
77 16 195
77 17 177
77 18 197
77 19 215
77 20 279
77 21 261
77 22 241
77 23 223
77 24 203
77 25 185
77 26 165
77 27 147
77 28 167
77 29 185
77 30 250
77 31 232
77 32 212
77 33 194
77 34 174
77 35 156
77 36 136
77 37 118
77 38 138
77 39 156
77 40 220
77 41 202
77 42 182
77 43 164
77 44 144
77 45 126
77 46 106
77 47 88
77 48 108
77 49 126
77 50 191
77 51 173
77 52 153
77 53 135
77 54 115
77 55 97
77 56 77
77 57 59
77 58 79
77 59 97
77 60 161
77 61 143
77 62 123
77 63 105
77 64 85
77 65 67
77 66 47
77 67 29
77 68 49
77 69 67
77 70 132
77 71 114
77 72 94
77 73 76
77 74 56
77 75 38
77 76 18
77 77 0
77 78 20
77 79 38
78 0 358
78 1 340
78 2 320
78 3 302
78 4 282
78 5 264
78 6 244
78 7 226
78 8 206
78 9 224
78 10 329
78 11 311
78 12 291
78 13 273
78 14 253
78 15 235
78 16 215
78 17 197
78 18 177
78 19 195
78 20 299
78 21 281
78 22 261
78 23 243
78 24 223
78 25 205
78 26 185
78 27 167
78 28 147
78 29 165
78 30 270
78 31 252
78 32 232
78 33 214
78 34 194
78 35 176
78 36 156
78 37 138
78 38 118
78 39 136
78 40 240
78 41 222
78 42 202
78 43 184
78 44 164
78 45 146
78 46 126
78 47 108
78 48 88
78 49 106
78 50 211
78 51 193
78 52 173
78 53 155
78 54 135
78 55 117
78 56 97
78 57 79
78 58 59
78 59 77
78 60 181
78 61 163
78 62 143
78 63 125
78 64 105
78 65 87
78 66 67
78 67 49
78 68 29
78 69 47
78 70 152
78 71 134
78 72 114
78 73 96
78 74 76
78 75 58
78 76 38
78 77 20
78 78 0
78 79 18
79 0 376
79 1 358
79 2 338
79 3 320
79 4 300
79 5 282
79 6 262
79 7 244
79 8 224
79 9 206
79 10 347
79 11 329
79 12 309
79 13 291
79 14 271
79 15 253
79 16 233
79 17 215
79 18 195
79 19 177
79 20 317
79 21 299
79 22 279
79 23 261
79 24 241
79 25 223
79 26 203
79 27 185
79 28 165
79 29 147
79 30 288
79 31 270
79 32 250
79 33 232
79 34 212
79 35 194
79 36 174
79 37 156
79 38 136
79 39 118
79 40 258
79 41 240
79 42 220
79 43 202
79 44 182
79 45 164
79 46 144
79 47 126
79 48 106
79 49 88
79 50 229
79 51 211
79 52 191
79 53 173
79 54 153
79 55 135
79 56 115
79 57 97
79 58 77
79 59 59
79 60 199
79 61 181
79 62 161
79 63 143
79 64 123
79 65 105
79 66 85
79 67 67
79 68 47
79 69 29
79 70 170
79 71 152
79 72 132
79 73 114
79 74 94
79 75 76
79 76 56
79 77 38
79 78 18
79 79 0
