80 16 46
2 2 2 2 18 18 18 18 18 18 2 2 2 2 18 18 18 18 18 18 2 2 2 2 18 18 2 2 2 2 2 2 11 11 11 11 11 2 2 2 2 2 11 11 11 11 11 2 2 2 2 2 11 11 11 11 11 2 2 2 2 1 1 1 1 1 1 1 1 1 1 1 1 1 1 1 1 1 1 1 
0 0 0.0
0 1 18.0
0 2 38.0
0 3 56.0
0 4 76.0
0 5 94.0
0 6 114.0
0 7 132.0
0 8 152.0
0 9 170.0
0 10 29.0
0 11 47.0
0 12 67.0
0 13 85.0
0 14 105.0
0 15 123.0
0 16 143.0
0 17 161.0
0 18 181.0
0 19 199.0
0 20 59.0
0 21 77.0
0 22 97.0
0 23 115.0
0 24 135.0
0 25 153.0
0 26 173.0
0 27 191.0
0 28 211.0
0 29 229.0
0 30 88.0
0 31 106.0
0 32 126.0
0 33 144.0
0 34 164.0
0 35 182.0
0 36 202.0
0 37 220.0
0 38 240.0
0 39 258.0
0 40 118.0
0 41 136.0
0 42 156.0
0 43 174.0
0 44 194.0
0 45 212.0
0 46 232.0
0 47 250.0
0 48 270.0
0 49 288.0
0 50 147.0
0 51 165.0
0 52 185.0
0 53 203.0
0 54 223.0
0 55 241.0
0 56 261.0
0 57 279.0
0 58 299.0
0 59 317.0
0 60 177.0
0 61 195.0
0 62 215.0
0 63 233.0
0 64 253.0
0 65 271.0
0 66 291.0
0 67 309.0
0 68 329.0
0 69 347.0
0 70 206.0
0 71 224.0
0 72 244.0
0 73 262.0
0 74 282.0
0 75 300.0
0 76 320.0
0 77 338.0
0 78 358.0
0 79 376.0
1 0 18.0
1 1 0.0
1 2 20.0
1 3 38.0
1 4 58.0
1 5 76.0
1 6 96.0
1 7 114.0
1 8 134.0
1 9 152.0
1 10 47.0
1 11 29.0
1 12 49.0
1 13 67.0
1 14 87.0
1 15 105.0
1 16 125.0
1 17 143.0
1 18 163.0
1 19 181.0
1 20 77.0
1 21 59.0
1 22 79.0
1 23 97.0
1 24 117.0
1 25 135.0
1 26 155.0
1 27 173.0
1 28 193.0
1 29 211.0
1 30 106.0
1 31 88.0
1 32 108.0
1 33 126.0
1 34 146.0
1 35 164.0
1 36 184.0
1 37 202.0
1 38 222.0
1 39 240.0
1 40 136.0
1 41 118.0
1 42 138.0
1 43 156.0
1 44 176.0
1 45 194.0
1 46 214.0
1 47 232.0
1 48 252.0
1 49 270.0
1 50 165.0
1 51 147.0
1 52 167.0
1 53 185.0
1 54 205.0
1 55 223.0
1 56 243.0
1 57 261.0
1 58 281.0
1 59 299.0
1 60 195.0
1 61 177.0
1 62 197.0
1 63 215.0
1 64 235.0
1 65 253.0
1 66 273.0
1 67 291.0
1 68 311.0
1 69 329.0
1 70 224.0
1 71 206.0
1 72 226.0
1 73 244.0
1 74 264.0
1 75 282.0
1 76 302.0
1 77 320.0
1 78 340.0
1 79 358.0
2 0 38.0
2 1 20.0
2 2 0.0
2 3 18.0
2 4 38.0
2 5 56.0
2 6 76.0
2 7 94.0
2 8 114.0
2 9 132.0
2 10 67.0
2 11 49.0
2 12 29.0
2 13 47.0
2 14 67.0
2 15 85.0
2 16 105.0
2 17 123.0
2 18 143.0
2 19 161.0
2 20 97.0
2 21 79.0
2 22 59.0
2 23 77.0
2 24 97.0
2 25 115.0
2 26 135.0
2 27 153.0
2 28 173.0
2 29 191.0
2 30 126.0
2 31 108.0
2 32 88.0
2 33 106.0
2 34 126.0
2 35 144.0
2 36 164.0
2 37 182.0
2 38 202.0
2 39 220.0
2 40 156.0
2 41 138.0
2 42 118.0
2 43 136.0
2 44 156.0
2 45 174.0
2 46 194.0
2 47 212.0
2 48 232.0
2 49 250.0
2 50 185.0
2 51 167.0
2 52 147.0
2 53 165.0
2 54 185.0
2 55 203.0
2 56 223.0
2 57 241.0
2 58 261.0
2 59 279.0
2 60 215.0
2 61 197.0
2 62 177.0
2 63 195.0
2 64 215.0
2 65 233.0
2 66 253.0
2 67 271.0
2 68 291.0
2 69 309.0
2 70 244.0
2 71 226.0
2 72 206.0
2 73 224.0
2 74 244.0
2 75 262.0
2 76 282.0
2 77 300.0
2 78 320.0
2 79 338.0
3 0 56.0
3 1 38.0
3 2 18.0
3 3 0.0
3 4 20.0
3 5 38.0
3 6 58.0
3 7 76.0
3 8 96.0
3 9 114.0
3 10 85.0
3 11 67.0
3 12 47.0
3 13 29.0
3 14 49.0
3 15 67.0
3 16 87.0
3 17 105.0
3 18 125.0
3 19 143.0
3 20 115.0
3 21 97.0
3 22 77.0
3 23 59.0
3 24 79.0
3 25 97.0
3 26 117.0
3 27 135.0
3 28 155.0
3 29 173.0
3 30 144.0
3 31 126.0
3 32 106.0
3 33 88.0
3 34 108.0
3 35 126.0
3 36 146.0
3 37 164.0
3 38 184.0
3 39 202.0
3 40 174.0
3 41 156.0
3 42 136.0
3 43 118.0
3 44 138.0
3 45 156.0
3 46 176.0
3 47 194.0
3 48 214.0
3 49 232.0
3 50 203.0
3 51 185.0
3 52 165.0
3 53 147.0
3 54 167.0
3 55 185.0
3 56 205.0
3 57 223.0
3 58 243.0
3 59 261.0
3 60 233.0
3 61 215.0
3 62 195.0
3 63 177.0
3 64 197.0
3 65 215.0
3 66 235.0
3 67 253.0
3 68 273.0
3 69 291.0
3 70 262.0
3 71 244.0
3 72 224.0
3 73 206.0
3 74 226.0
3 75 244.0
3 76 264.0
3 77 282.0
3 78 302.0
3 79 320.0
4 0 76.0
4 1 58.0
4 2 38.0
4 3 20.0
4 4 0.0
4 5 18.0
4 6 38.0
4 7 56.0
4 8 76.0
4 9 94.0
4 10 105.0
4 11 87.0
4 12 67.0
4 13 49.0
4 14 29.0
4 15 47.0
4 16 67.0
4 17 85.0
4 18 105.0
4 19 123.0
4 20 135.0
4 21 117.0
4 22 97.0
4 23 79.0
4 24 59.0
4 25 77.0
4 26 97.0
4 27 115.0
4 28 135.0
4 29 153.0
4 30 164.0
4 31 146.0
4 32 126.0
4 33 108.0
4 34 88.0
4 35 106.0
4 36 126.0
4 37 144.0
4 38 164.0
4 39 182.0
4 40 194.0
4 41 176.0
4 42 156.0
4 43 138.0
4 44 118.0
4 45 136.0
4 46 156.0
4 47 174.0
4 48 194.0
4 49 212.0
4 50 223.0
4 51 205.0
4 52 185.0
4 53 167.0
4 54 147.0
4 55 165.0
4 56 185.0
4 57 203.0
4 58 223.0
4 59 241.0
4 60 253.0
4 61 235.0
4 62 215.0
4 63 197.0
4 64 177.0
4 65 195.0
4 66 215.0
4 67 233.0
4 68 253.0
4 69 271.0
4 70 282.0
4 71 264.0
4 72 244.0
4 73 226.0
4 74 206.0
4 75 224.0
4 76 244.0
4 77 262.0
4 78 282.0
4 79 300.0
5 0 94.0
5 1 76.0
5 2 56.0
5 3 38.0
5 4 18.0
5 5 0.0
5 6 20.0
5 7 38.0
5 8 58.0
5 9 76.0
5 10 123.0
5 11 105.0
5 12 85.0
5 13 67.0
5 14 47.0
5 15 29.0
5 16 49.0
5 17 67.0
5 18 87.0
5 19 105.0
5 20 153.0
5 21 135.0
5 22 115.0
5 23 97.0
5 24 77.0
5 25 59.0
5 26 79.0
5 27 97.0
5 28 117.0
5 29 135.0
5 30 182.0
5 31 164.0
5 32 144.0
5 33 126.0
5 34 106.0
5 35 88.0
5 36 108.0
5 37 126.0
5 38 146.0
5 39 164.0
5 40 212.0
5 41 194.0
5 42 174.0
5 43 156.0
5 44 136.0
5 45 118.0
5 46 138.0
5 47 156.0
5 48 176.0
5 49 194.0
5 50 241.0
5 51 223.0
5 52 203.0
5 53 185.0
5 54 165.0
5 55 147.0
5 56 167.0
5 57 185.0
5 58 205.0
5 59 223.0
5 60 271.0
5 61 253.0
5 62 233.0
5 63 215.0
5 64 195.0
5 65 177.0
5 66 197.0
5 67 215.0
5 68 235.0
5 69 253.0
5 70 300.0
5 71 282.0
5 72 262.0
5 73 244.0
5 74 224.0
5 75 206.0
5 76 226.0
5 77 244.0
5 78 264.0
5 79 282.0
6 0 114.0
6 1 96.0
6 2 76.0
6 3 58.0
6 4 38.0
6 5 20.0
6 6 0.0
6 7 18.0
6 8 38.0
6 9 56.0
6 10 143.0
6 11 125.0
6 12 105.0
6 13 87.0
6 14 67.0
6 15 49.0
6 16 29.0
6 17 47.0
6 18 67.0
6 19 85.0
6 20 173.0
6 21 155.0
6 22 135.0
6 23 117.0
6 24 97.0
6 25 79.0
6 26 59.0
6 27 77.0
6 28 97.0
6 29 115.0
6 30 202.0
6 31 184.0
6 32 164.0
6 33 146.0
6 34 126.0
6 35 108.0
6 36 88.0
6 37 106.0
6 38 126.0
6 39 144.0
6 40 232.0
6 41 214.0
6 42 194.0
6 43 176.0
6 44 156.0
6 45 138.0
6 46 118.0
6 47 136.0
6 48 156.0
6 49 174.0
6 50 261.0
6 51 243.0
6 52 223.0
6 53 205.0
6 54 185.0
6 55 167.0
6 56 147.0
6 57 165.0
6 58 185.0
6 59 203.0
6 60 291.0
6 61 273.0
6 62 253.0
6 63 235.0
6 64 215.0
6 65 197.0
6 66 177.0
6 67 195.0
6 68 215.0
6 69 233.0
6 70 320.0
6 71 302.0
6 72 282.0
6 73 264.0
6 74 244.0
6 75 226.0
6 76 206.0
6 77 224.0
6 78 244.0
6 79 262.0
7 0 132.0
7 1 114.0
7 2 94.0
7 3 76.0
7 4 56.0
7 5 38.0
7 6 18.0
7 7 0.0
7 8 20.0
7 9 38.0
7 10 161.0
7 11 143.0
7 12 123.0
7 13 105.0
7 14 85.0
7 15 67.0
7 16 47.0
7 17 29.0
7 18 49.0
7 19 67.0
7 20 191.0
7 21 173.0
7 22 153.0
7 23 135.0
7 24 115.0
7 25 97.0
7 26 77.0
7 27 59.0
7 28 79.0
7 29 97.0
7 30 220.0
7 31 202.0
7 32 182.0
7 33 164.0
7 34 144.0
7 35 126.0
7 36 106.0
7 37 88.0
7 38 108.0
7 39 126.0
7 40 250.0
7 41 232.0
7 42 212.0
7 43 194.0
7 44 174.0
7 45 156.0
7 46 136.0
7 47 118.0
7 48 138.0
7 49 156.0
7 50 279.0
7 51 261.0
7 52 241.0
7 53 223.0
7 54 203.0
7 55 185.0
7 56 165.0
7 57 147.0
7 58 167.0
7 59 185.0
7 60 309.0
7 61 291.0
7 62 271.0
7 63 253.0
7 64 233.0
7 65 215.0
7 66 195.0
7 67 177.0
7 68 197.0
7 69 215.0
7 70 338.0
7 71 320.0
7 72 300.0
7 73 282.0
7 74 262.0
7 75 244.0
7 76 224.0
7 77 206.0
7 78 226.0
7 79 244.0
8 0 152.0
8 1 134.0
8 2 114.0
8 3 96.0
8 4 76.0
8 5 58.0
8 6 38.0
8 7 20.0
8 8 0.0
8 9 18.0
8 10 181.0
8 11 163.0
8 12 143.0
8 13 125.0
8 14 105.0
8 15 87.0
8 16 67.0
8 17 49.0
8 18 29.0
8 19 47.0
8 20 211.0
8 21 193.0
8 22 173.0
8 23 155.0
8 24 135.0
8 25 117.0
8 26 97.0
8 27 79.0
8 28 59.0
8 29 77.0
8 30 240.0
8 31 222.0
8 32 202.0
8 33 184.0
8 34 164.0
8 35 146.0
8 36 126.0
8 37 108.0
8 38 88.0
8 39 106.0
8 40 270.0
8 41 252.0
8 42 232.0
8 43 214.0
8 44 194.0
8 45 176.0
8 46 156.0
8 47 138.0
8 48 118.0
8 49 136.0
8 50 299.0
8 51 281.0
8 52 261.0
8 53 243.0
8 54 223.0
8 55 205.0
8 56 185.0
8 57 167.0
8 58 147.0
8 59 165.0
8 60 329.0
8 61 311.0
8 62 291.0
8 63 273.0
8 64 253.0
8 65 235.0
8 66 215.0
8 67 197.0
8 68 177.0
8 69 195.0
8 70 358.0
8 71 340.0
8 72 320.0
8 73 302.0
8 74 282.0
8 75 264.0
8 76 244.0
8 77 226.0
8 78 206.0
8 79 224.0
9 0 170.0
9 1 152.0
9 2 132.0
9 3 114.0
9 4 94.0
9 5 76.0
9 6 56.0
9 7 38.0
9 8 18.0
9 9 0.0
9 10 199.0
9 11 181.0
9 12 161.0
9 13 143.0
9 14 123.0
9 15 105.0
9 16 85.0
9 17 67.0
9 18 47.0
9 19 29.0
9 20 229.0
9 21 211.0
9 22 191.0
9 23 173.0
9 24 153.0
9 25 135.0
9 26 115.0
9 27 97.0
9 28 77.0
9 29 59.0
9 30 258.0
9 31 240.0
9 32 220.0
9 33 202.0
9 34 182.0
9 35 164.0
9 36 144.0
9 37 126.0
9 38 106.0
9 39 88.0
9 40 288.0
9 41 270.0
9 42 250.0
9 43 232.0
9 44 212.0
9 45 194.0
9 46 174.0
9 47 156.0
9 48 136.0
9 49 118.0
9 50 317.0
9 51 299.0
9 52 279.0
9 53 261.0
9 54 241.0
9 55 223.0
9 56 203.0
9 57 185.0
9 58 165.0
9 59 147.0
9 60 347.0
9 61 329.0
9 62 309.0
9 63 291.0
9 64 271.0
9 65 253.0
9 66 233.0
9 67 215.0
9 68 195.0
9 69 177.0
9 70 376.0
9 71 358.0
9 72 338.0
9 73 320.0
9 74 300.0
9 75 282.0
9 76 262.0
9 77 244.0
9 78 224.0
9 79 206.0
10 0 29.0
10 1 47.0
10 2 67.0
10 3 85.0
10 4 105.0
10 5 123.0
10 6 143.0
10 7 161.0
10 8 181.0
10 9 199.0
10 10 0.0
10 11 18.0
10 12 38.0
10 13 56.0
10 14 76.0
10 15 94.0
10 16 114.0
10 17 132.0
10 18 152.0
10 19 170.0
10 20 30.0
10 21 48.0
10 22 68.0
10 23 86.0
10 24 106.0
10 25 124.0
10 26 144.0
10 27 162.0
10 28 182.0
10 29 200.0
10 30 59.0
10 31 77.0
10 32 97.0
10 33 115.0
10 34 135.0
10 35 153.0
10 36 173.0
10 37 191.0
10 38 211.0
10 39 229.0
10 40 89.0
10 41 107.0
10 42 127.0
10 43 145.0
10 44 165.0
10 45 183.0
10 46 203.0
10 47 221.0
10 48 241.0
10 49 259.0
10 50 118.0
10 51 136.0
10 52 156.0
10 53 174.0
10 54 194.0
10 55 212.0
10 56 232.0
10 57 250.0
10 58 270.0
10 59 288.0
10 60 148.0
10 61 166.0
10 62 186.0
10 63 204.0
10 64 224.0
10 65 242.0
10 66 262.0
10 67 280.0
10 68 300.0
10 69 318.0
10 70 177.0
10 71 195.0
10 72 215.0
10 73 233.0
10 74 253.0
10 75 271.0
10 76 291.0
10 77 309.0
10 78 329.0
10 79 347.0
11 0 47.0
11 1 29.0
11 2 49.0
11 3 67.0
11 4 87.0
11 5 105.0
11 6 125.0
11 7 143.0
11 8 163.0
11 9 181.0
11 10 18.0
11 11 0.0
11 12 20.0
11 13 38.0
11 14 58.0
11 15 76.0
11 16 96.0
11 17 114.0
11 18 134.0
11 19 152.0
11 20 48.0
11 21 30.0
11 22 50.0
11 23 68.0
11 24 88.0
11 25 106.0
11 26 126.0
11 27 144.0
11 28 164.0
11 29 182.0
11 30 77.0
11 31 59.0
11 32 79.0
11 33 97.0
11 34 117.0
11 35 135.0
11 36 155.0
11 37 173.0
11 38 193.0
11 39 211.0
11 40 107.0
11 41 89.0
11 42 109.0
11 43 127.0
11 44 147.0
11 45 165.0
11 46 185.0
11 47 203.0
11 48 223.0
11 49 241.0
11 50 136.0
11 51 118.0
11 52 138.0
11 53 156.0
11 54 176.0
11 55 194.0
11 56 214.0
11 57 232.0
11 58 252.0
11 59 270.0
11 60 166.0
11 61 148.0
11 62 168.0
11 63 186.0
11 64 206.0
11 65 224.0
11 66 244.0
11 67 262.0
11 68 282.0
11 69 300.0
11 70 195.0
11 71 177.0
11 72 197.0
11 73 215.0
11 74 235.0
11 75 253.0
11 76 273.0
11 77 291.0
11 78 311.0
11 79 329.0
12 0 67.0
12 1 49.0
12 2 29.0
12 3 47.0
12 4 67.0
12 5 85.0
12 6 105.0
12 7 123.0
12 8 143.0
12 9 161.0
12 10 38.0
12 11 20.0
12 12 0.0
12 13 18.0
12 14 38.0
12 15 56.0
12 16 76.0
12 17 94.0
12 18 114.0
12 19 132.0
12 20 68.0
12 21 50.0
12 22 30.0
12 23 48.0
12 24 68.0
12 25 86.0
12 26 106.0
12 27 124.0
12 28 144.0
12 29 162.0
12 30 97.0
12 31 79.0
12 32 59.0
12 33 77.0
12 34 97.0
12 35 115.0
12 36 135.0
12 37 153.0
12 38 173.0
12 39 191.0
12 40 127.0
12 41 109.0
12 42 89.0
12 43 107.0
12 44 127.0
12 45 145.0
12 46 165.0
12 47 183.0
12 48 203.0
12 49 221.0
12 50 156.0
12 51 138.0
12 52 118.0
12 53 136.0
12 54 156.0
12 55 174.0
12 56 194.0
12 57 212.0
12 58 232.0
12 59 250.0
12 60 186.0
12 61 168.0
12 62 148.0
12 63 166.0
12 64 186.0
12 65 204.0
12 66 224.0
12 67 242.0
12 68 262.0
12 69 280.0
12 70 215.0
12 71 197.0
12 72 177.0
12 73 195.0
12 74 215.0
12 75 233.0
12 76 253.0
12 77 271.0
12 78 291.0
12 79 309.0
13 0 85.0
13 1 67.0
13 2 47.0
13 3 29.0
13 4 49.0
13 5 67.0
13 6 87.0
13 7 105.0
13 8 125.0
13 9 143.0
13 10 56.0
13 11 38.0
13 12 18.0
13 13 0.0
13 14 20.0
13 15 38.0
13 16 58.0
13 17 76.0
13 18 96.0
13 19 114.0
13 20 86.0
13 21 68.0
13 22 48.0
13 23 30.0
13 24 50.0
13 25 68.0
13 26 88.0
13 27 106.0
13 28 126.0
13 29 144.0
13 30 115.0
13 31 97.0
13 32 77.0
13 33 59.0
13 34 79.0
13 35 97.0
13 36 117.0
13 37 135.0
13 38 155.0
13 39 173.0
13 40 145.0
13 41 127.0
13 42 107.0
13 43 89.0
13 44 109.0
13 45 127.0
13 46 147.0
13 47 165.0
13 48 185.0
13 49 203.0
13 50 174.0
13 51 156.0
13 52 136.0
13 53 118.0
13 54 138.0
13 55 156.0
13 56 176.0
13 57 194.0
13 58 214.0
13 59 232.0
13 60 204.0
13 61 186.0
13 62 166.0
13 63 148.0
13 64 168.0
13 65 186.0
13 66 206.0
13 67 224.0
13 68 244.0
13 69 262.0
13 70 233.0
13 71 215.0
13 72 195.0
13 73 177.0
13 74 197.0
13 75 215.0
13 76 235.0
13 77 253.0
13 78 273.0
13 79 291.0
14 0 105.0
14 1 87.0
14 2 67.0
14 3 49.0
14 4 29.0
14 5 47.0
14 6 67.0
14 7 85.0
14 8 105.0
14 9 123.0
14 10 76.0
14 11 58.0
14 12 38.0
14 13 20.0
14 14 0.0
14 15 18.0
14 16 38.0
14 17 56.0
14 18 76.0
14 19 94.0
14 20 106.0
14 21 88.0
14 22 68.0
14 23 50.0
14 24 30.0
14 25 48.0
14 26 68.0
14 27 86.0
14 28 106.0
14 29 124.0
14 30 135.0
14 31 117.0
14 32 97.0
14 33 79.0
14 34 59.0
14 35 77.0
14 36 97.0
14 37 115.0
14 38 135.0
14 39 153.0
14 40 165.0
14 41 147.0
14 42 127.0
14 43 109.0
14 44 89.0
14 45 107.0
14 46 127.0
14 47 145.0
14 48 165.0
14 49 183.0
14 50 194.0
14 51 176.0
14 52 156.0
14 53 138.0
14 54 118.0
14 55 136.0
14 56 156.0
14 57 174.0
14 58 194.0
14 59 212.0
14 60 224.0
14 61 206.0
14 62 186.0
14 63 168.0
14 64 148.0
14 65 166.0
14 66 186.0
14 67 204.0
14 68 224.0
14 69 242.0
14 70 253.0
14 71 235.0
14 72 215.0
14 73 197.0
14 74 177.0
14 75 195.0
14 76 215.0
14 77 233.0
14 78 253.0
14 79 271.0
15 0 123.0
15 1 105.0
15 2 85.0
15 3 67.0
15 4 47.0
15 5 29.0
15 6 49.0
15 7 67.0
15 8 87.0
15 9 105.0
15 10 94.0
15 11 76.0
15 12 56.0
15 13 38.0
15 14 18.0
15 15 0.0
15 16 20.0
15 17 38.0
15 18 58.0
15 19 76.0
15 20 124.0
15 21 106.0
15 22 86.0
15 23 68.0
15 24 48.0
15 25 30.0
15 26 50.0
15 27 68.0
15 28 88.0
15 29 106.0
15 30 153.0
15 31 135.0
15 32 115.0
15 33 97.0
15 34 77.0
15 35 59.0
15 36 79.0
15 37 97.0
15 38 117.0
15 39 135.0
15 40 183.0
15 41 165.0
15 42 145.0
15 43 127.0
15 44 107.0
15 45 89.0
15 46 109.0
15 47 127.0
15 48 147.0
15 49 165.0
15 50 212.0
15 51 194.0
15 52 174.0
15 53 156.0
15 54 136.0
15 55 118.0
15 56 138.0
15 57 156.0
15 58 176.0
15 59 194.0
15 60 242.0
15 61 224.0
15 62 204.0
15 63 186.0
15 64 166.0
15 65 148.0
15 66 168.0
15 67 186.0
15 68 206.0
15 69 224.0
15 70 271.0
15 71 253.0
15 72 233.0
15 73 215.0
15 74 195.0
15 75 177.0
15 76 197.0
15 77 215.0
15 78 235.0
15 79 253.0
16 0 143.0
16 1 125.0
16 2 105.0
16 3 87.0
16 4 67.0
16 5 49.0
16 6 29.0
16 7 47.0
16 8 67.0
16 9 85.0
16 10 114.0
16 11 96.0
16 12 76.0
16 13 58.0
16 14 38.0
16 15 20.0
16 16 0.0
16 17 18.0
16 18 38.0
16 19 56.0
16 20 144.0
16 21 126.0
16 22 106.0
16 23 88.0
16 24 68.0
16 25 50.0
16 26 30.0
16 27 48.0
16 28 68.0
16 29 86.0
16 30 173.0
16 31 155.0
16 32 135.0
16 33 117.0
16 34 97.0
16 35 79.0
16 36 59.0
16 37 77.0
16 38 97.0
16 39 115.0
16 40 203.0
16 41 185.0
16 42 165.0
16 43 147.0
16 44 127.0
16 45 109.0
16 46 89.0
16 47 107.0
16 48 127.0
16 49 145.0
16 50 232.0
16 51 214.0
16 52 194.0
16 53 176.0
16 54 156.0
16 55 138.0
16 56 118.0
16 57 136.0
16 58 156.0
16 59 174.0
16 60 262.0
16 61 244.0
16 62 224.0
16 63 206.0
16 64 186.0
16 65 168.0
16 66 148.0
16 67 166.0
16 68 186.0
16 69 204.0
16 70 291.0
16 71 273.0
16 72 253.0
16 73 235.0
16 74 215.0
16 75 197.0
16 76 177.0
16 77 195.0
16 78 215.0
16 79 233.0
17 0 161.0
17 1 143.0
17 2 123.0
17 3 105.0
17 4 85.0
17 5 67.0
17 6 47.0
17 7 29.0
17 8 49.0
17 9 67.0
17 10 132.0
17 11 114.0
17 12 94.0
17 13 76.0
17 14 56.0
17 15 38.0
17 16 18.0
17 17 0.0
17 18 20.0
17 19 38.0
17 20 162.0
17 21 144.0
17 22 124.0
17 23 106.0
17 24 86.0
17 25 68.0
17 26 48.0
17 27 30.0
17 28 50.0
17 29 68.0
17 30 191.0
17 31 173.0
17 32 153.0
17 33 135.0
17 34 115.0
17 35 97.0
17 36 77.0
17 37 59.0
17 38 79.0
17 39 97.0
17 40 221.0
17 41 203.0
17 42 183.0
17 43 165.0
17 44 145.0
17 45 127.0
17 46 107.0
17 47 89.0
17 48 109.0
17 49 127.0
17 50 250.0
17 51 232.0
17 52 212.0
17 53 194.0
17 54 174.0
17 55 156.0
17 56 136.0
17 57 118.0
17 58 138.0
17 59 156.0
17 60 280.0
17 61 262.0
17 62 242.0
17 63 224.0
17 64 204.0
17 65 186.0
17 66 166.0
17 67 148.0
17 68 168.0
17 69 186.0
17 70 309.0
17 71 291.0
17 72 271.0
17 73 253.0
17 74 233.0
17 75 215.0
17 76 195.0
17 77 177.0
17 78 197.0
17 79 215.0
18 0 181.0
18 1 163.0
18 2 143.0
18 3 125.0
18 4 105.0
18 5 87.0
18 6 67.0
18 7 49.0
18 8 29.0
18 9 47.0
18 10 152.0
18 11 134.0
18 12 114.0
18 13 96.0
18 14 76.0
18 15 58.0
18 16 38.0
18 17 20.0
18 18 0.0
18 19 18.0
18 20 182.0
18 21 164.0
18 22 144.0
18 23 126.0
18 24 106.0
18 25 88.0
18 26 68.0
18 27 50.0
18 28 30.0
18 29 48.0
18 30 211.0
18 31 193.0
18 32 173.0
18 33 155.0
18 34 135.0
18 35 117.0
18 36 97.0
18 37 79.0
18 38 59.0
18 39 77.0
18 40 241.0
18 41 223.0
18 42 203.0
18 43 185.0
18 44 165.0
18 45 147.0
18 46 127.0
18 47 109.0
18 48 89.0
18 49 107.0
18 50 270.0
18 51 252.0
18 52 232.0
18 53 214.0
18 54 194.0
18 55 176.0
18 56 156.0
18 57 138.0
18 58 118.0
18 59 136.0
18 60 300.0
18 61 282.0
18 62 262.0
18 63 244.0
18 64 224.0
18 65 206.0
18 66 186.0
18 67 168.0
18 68 148.0
18 69 166.0
18 70 329.0
18 71 311.0
18 72 291.0
18 73 273.0
18 74 253.0
18 75 235.0
18 76 215.0
18 77 197.0
18 78 177.0
18 79 195.0
19 0 199.0
19 1 181.0
19 2 161.0
19 3 143.0
19 4 123.0
19 5 105.0
19 6 85.0
19 7 67.0
19 8 47.0
19 9 29.0
19 10 170.0
19 11 152.0
19 12 132.0
19 13 114.0
19 14 94.0
19 15 76.0
19 16 56.0
19 17 38.0
19 18 18.0
19 19 0.0
19 20 200.0
19 21 182.0
19 22 162.0
19 23 144.0
19 24 124.0
19 25 106.0
19 26 86.0
19 27 68.0
19 28 48.0
19 29 30.0
19 30 229.0
19 31 211.0
19 32 191.0
19 33 173.0
19 34 153.0
19 35 135.0
19 36 115.0
19 37 97.0
19 38 77.0
19 39 59.0
19 40 259.0
19 41 241.0
19 42 221.0
19 43 203.0
19 44 183.0
19 45 165.0
19 46 145.0
19 47 127.0
19 48 107.0
19 49 89.0
19 50 288.0
19 51 270.0
19 52 250.0
19 53 232.0
19 54 212.0
19 55 194.0
19 56 174.0
19 57 156.0
19 58 136.0
19 59 118.0
19 60 318.0
19 61 300.0
19 62 280.0
19 63 262.0
19 64 242.0
19 65 224.0
19 66 204.0
19 67 186.0
19 68 166.0
19 69 148.0
19 70 347.0
19 71 329.0
19 72 309.0
19 73 291.0
19 74 271.0
19 75 253.0
19 76 233.0
19 77 215.0
19 78 195.0
19 79 177.0
20 0 59.0
20 1 77.0
20 2 97.0
20 3 115.0
20 4 135.0
20 5 153.0
20 6 173.0
20 7 191.0
20 8 211.0
20 9 229.0
20 10 30.0
20 11 48.0
20 12 68.0
20 13 86.0
20 14 106.0
20 15 124.0
20 16 144.0
20 17 162.0
20 18 182.0
20 19 200.0
20 20 0.0
20 21 18.0
20 22 38.0
20 23 56.0
20 24 76.0
20 25 94.0
20 26 114.0
20 27 132.0
20 28 152.0
20 29 170.0
20 30 29.0
20 31 47.0
20 32 67.0
20 33 85.0
20 34 105.0
20 35 123.0
20 36 143.0
20 37 161.0
20 38 181.0
20 39 199.0
20 40 59.0
20 41 77.0
20 42 97.0
20 43 115.0
20 44 135.0
20 45 153.0
20 46 173.0
20 47 191.0
20 48 211.0
20 49 229.0
20 50 88.0
20 51 106.0
20 52 126.0
20 53 144.0
20 54 164.0
20 55 182.0
20 56 202.0
20 57 220.0
20 58 240.0
20 59 258.0
20 60 118.0
20 61 136.0
20 62 156.0
20 63 174.0
20 64 194.0
20 65 212.0
20 66 232.0
20 67 250.0
20 68 270.0
20 69 288.0
20 70 147.0
20 71 165.0
20 72 185.0
20 73 203.0
20 74 223.0
20 75 241.0
20 76 261.0
20 77 279.0
20 78 299.0
20 79 317.0
21 0 77.0
21 1 59.0
21 2 79.0
21 3 97.0
21 4 117.0
21 5 135.0
21 6 155.0
21 7 173.0
21 8 193.0
21 9 211.0
21 10 48.0
21 11 30.0
21 12 50.0
21 13 68.0
21 14 88.0
21 15 106.0
21 16 126.0
21 17 144.0
21 18 164.0
21 19 182.0
21 20 18.0
21 21 0.0
21 22 20.0
21 23 38.0
21 24 58.0
21 25 76.0
21 26 96.0
21 27 114.0
21 28 134.0
21 29 152.0
21 30 47.0
21 31 29.0
21 32 49.0
21 33 67.0
21 34 87.0
21 35 105.0
21 36 125.0
21 37 143.0
21 38 163.0
21 39 181.0
21 40 77.0
21 41 59.0
21 42 79.0
21 43 97.0
21 44 117.0
21 45 135.0
21 46 155.0
21 47 173.0
21 48 193.0
21 49 211.0
21 50 106.0
21 51 88.0
21 52 108.0
21 53 126.0
21 54 146.0
21 55 164.0
21 56 184.0
21 57 202.0
21 58 222.0
21 59 240.0
21 60 136.0
21 61 118.0
21 62 138.0
21 63 156.0
21 64 176.0
21 65 194.0
21 66 214.0
21 67 232.0
21 68 252.0
21 69 270.0
21 70 165.0
21 71 147.0
21 72 167.0
21 73 185.0
21 74 205.0
21 75 223.0
21 76 243.0
21 77 261.0
21 78 281.0
21 79 299.0
22 0 97.0
22 1 79.0
22 2 59.0
22 3 77.0
22 4 97.0
22 5 115.0
22 6 135.0
22 7 153.0
22 8 173.0
22 9 191.0
22 10 68.0
22 11 50.0
22 12 30.0
22 13 48.0
22 14 68.0
22 15 86.0
22 16 106.0
22 17 124.0
22 18 144.0
22 19 162.0
22 20 38.0
22 21 20.0
22 22 0.0
22 23 18.0
22 24 38.0
22 25 56.0
22 26 76.0
22 27 94.0
22 28 114.0
22 29 132.0
22 30 67.0
22 31 49.0
22 32 29.0
22 33 47.0
22 34 67.0
22 35 85.0
22 36 105.0
22 37 123.0
22 38 143.0
22 39 161.0
22 40 97.0
22 41 79.0
22 42 59.0
22 43 77.0
22 44 97.0
22 45 115.0
22 46 135.0
22 47 153.0
22 48 173.0
22 49 191.0
22 50 126.0
22 51 108.0
22 52 88.0
22 53 106.0
22 54 126.0
22 55 144.0
22 56 164.0
22 57 182.0
22 58 202.0
22 59 220.0
22 60 156.0
22 61 138.0
22 62 118.0
22 63 136.0
22 64 156.0
22 65 174.0
22 66 194.0
22 67 212.0
22 68 232.0
22 69 250.0
22 70 185.0
22 71 167.0
22 72 147.0
22 73 165.0
22 74 185.0
22 75 203.0
22 76 223.0
22 77 241.0
22 78 261.0
22 79 279.0
23 0 115.0
23 1 97.0
23 2 77.0
23 3 59.0
23 4 79.0
23 5 97.0
23 6 117.0
23 7 135.0
23 8 155.0
23 9 173.0
23 10 86.0
23 11 68.0
23 12 48.0
23 13 30.0
23 14 50.0
23 15 68.0
23 16 88.0
23 17 106.0
23 18 126.0
23 19 144.0
23 20 56.0
23 21 38.0
23 22 18.0
23 23 0.0
23 24 20.0
23 25 38.0
23 26 58.0
23 27 76.0
23 28 96.0
23 29 114.0
23 30 85.0
23 31 67.0
23 32 47.0
23 33 29.0
23 34 49.0
23 35 67.0
23 36 87.0
23 37 105.0
23 38 125.0
23 39 143.0
23 40 115.0
23 41 97.0
23 42 77.0
23 43 59.0
23 44 79.0
23 45 97.0
23 46 117.0
23 47 135.0
23 48 155.0
23 49 173.0
23 50 144.0
23 51 126.0
23 52 106.0
23 53 88.0
23 54 108.0
23 55 126.0
23 56 146.0
23 57 164.0
23 58 184.0
23 59 202.0
23 60 174.0
23 61 156.0
23 62 136.0
23 63 118.0
23 64 138.0
23 65 156.0
23 66 176.0
23 67 194.0
23 68 214.0
23 69 232.0
23 70 203.0
23 71 185.0
23 72 165.0
23 73 147.0
23 74 167.0
23 75 185.0
23 76 205.0
23 77 223.0
23 78 243.0
23 79 261.0
24 0 135.0
24 1 117.0
24 2 97.0
24 3 79.0
24 4 59.0
24 5 77.0
24 6 97.0
24 7 115.0
24 8 135.0
24 9 153.0
24 10 106.0
24 11 88.0
24 12 68.0
24 13 50.0
24 14 30.0
24 15 48.0
24 16 68.0
24 17 86.0
24 18 106.0
24 19 124.0
24 20 76.0
24 21 58.0
24 22 38.0
24 23 20.0
24 24 0.0
24 25 18.0
24 26 38.0
24 27 56.0
24 28 76.0
24 29 94.0
24 30 105.0
24 31 87.0
24 32 67.0
24 33 49.0
24 34 29.0
24 35 47.0
24 36 67.0
24 37 85.0
24 38 105.0
24 39 123.0
24 40 135.0
24 41 117.0
24 42 97.0
24 43 79.0
24 44 59.0
24 45 77.0
24 46 97.0
24 47 115.0
24 48 135.0
24 49 153.0
24 50 164.0
24 51 146.0
24 52 126.0
24 53 108.0
24 54 88.0
24 55 106.0
24 56 126.0
24 57 144.0
24 58 164.0
24 59 182.0
24 60 194.0
24 61 176.0
24 62 156.0
24 63 138.0
24 64 118.0
24 65 136.0
24 66 156.0
24 67 174.0
24 68 194.0
24 69 212.0
24 70 223.0
24 71 205.0
24 72 185.0
24 73 167.0
24 74 147.0
24 75 165.0
24 76 185.0
24 77 203.0
24 78 223.0
24 79 241.0
25 0 153.0
25 1 135.0
25 2 115.0
25 3 97.0
25 4 77.0
25 5 59.0
25 6 79.0
25 7 97.0
25 8 117.0
25 9 135.0
25 10 124.0
25 11 106.0
25 12 86.0
25 13 68.0
25 14 48.0
25 15 30.0
25 16 50.0
25 17 68.0
25 18 88.0
25 19 106.0
25 20 94.0
25 21 76.0
25 22 56.0
25 23 38.0
25 24 18.0
25 25 0.0
25 26 20.0
25 27 38.0
25 28 58.0
25 29 76.0
25 30 123.0
25 31 105.0
25 32 85.0
25 33 67.0
25 34 47.0
25 35 29.0
25 36 49.0
25 37 67.0
25 38 87.0
25 39 105.0
25 40 153.0
25 41 135.0
25 42 115.0
25 43 97.0
25 44 77.0
25 45 59.0
25 46 79.0
25 47 97.0
25 48 117.0
25 49 135.0
25 50 182.0
25 51 164.0
25 52 144.0
25 53 126.0
25 54 106.0
25 55 88.0
25 56 108.0
25 57 126.0
25 58 146.0
25 59 164.0
25 60 212.0
25 61 194.0
25 62 174.0
25 63 156.0
25 64 136.0
25 65 118.0
25 66 138.0
25 67 156.0
25 68 176.0
25 69 194.0
25 70 241.0
25 71 223.0
25 72 203.0
25 73 185.0
25 74 165.0
25 75 147.0
25 76 167.0
25 77 185.0
25 78 205.0
25 79 223.0
26 0 173.0
26 1 155.0
26 2 135.0
26 3 117.0
26 4 97.0
26 5 79.0
26 6 59.0
26 7 77.0
26 8 97.0
26 9 115.0
26 10 144.0
26 11 126.0
26 12 106.0
26 13 88.0
26 14 68.0
26 15 50.0
26 16 30.0
26 17 48.0
26 18 68.0
26 19 86.0
26 20 114.0
26 21 96.0
26 22 76.0
26 23 58.0
26 24 38.0
26 25 20.0
26 26 0.0
26 27 18.0
26 28 38.0
26 29 56.0
26 30 143.0
26 31 125.0
26 32 105.0
26 33 87.0
26 34 67.0
26 35 49.0
26 36 29.0
26 37 47.0
26 38 67.0
26 39 85.0
26 40 173.0
26 41 155.0
26 42 135.0
26 43 117.0
26 44 97.0
26 45 79.0
26 46 59.0
26 47 77.0
26 48 97.0
26 49 115.0
26 50 202.0
26 51 184.0
26 52 164.0
26 53 146.0
26 54 126.0
26 55 108.0
26 56 88.0
26 57 106.0
26 58 126.0
26 59 144.0
26 60 232.0
26 61 214.0
26 62 194.0
26 63 176.0
26 64 156.0
26 65 138.0
26 66 118.0
26 67 136.0
26 68 156.0
26 69 174.0
26 70 261.0
26 71 243.0
26 72 223.0
26 73 205.0
26 74 185.0
26 75 167.0
26 76 147.0
26 77 165.0
26 78 185.0
26 79 203.0
27 0 191.0
27 1 173.0
27 2 153.0
27 3 135.0
27 4 115.0
27 5 97.0
27 6 77.0
27 7 59.0
27 8 79.0
27 9 97.0
27 10 162.0
27 11 144.0
27 12 124.0
27 13 106.0
27 14 86.0
27 15 68.0
27 16 48.0
27 17 30.0
27 18 50.0
27 19 68.0
27 20 132.0
27 21 114.0
27 22 94.0
27 23 76.0
27 24 56.0
27 25 38.0
27 26 18.0
27 27 0.0
27 28 20.0
27 29 38.0
27 30 161.0
27 31 143.0
27 32 123.0
27 33 105.0
27 34 85.0
27 35 67.0
27 36 47.0
27 37 29.0
27 38 49.0
27 39 67.0
27 40 191.0
27 41 173.0
27 42 153.0
27 43 135.0
27 44 115.0
27 45 97.0
27 46 77.0
27 47 59.0
27 48 79.0
27 49 97.0
27 50 220.0
27 51 202.0
27 52 182.0
27 53 164.0
27 54 144.0
27 55 126.0
27 56 106.0
27 57 88.0
27 58 108.0
27 59 126.0
27 60 250.0
27 61 232.0
27 62 212.0
27 63 194.0
27 64 174.0
27 65 156.0
27 66 136.0
27 67 118.0
27 68 138.0
27 69 156.0
27 70 279.0
27 71 261.0
27 72 241.0
27 73 223.0
27 74 203.0
27 75 185.0
27 76 165.0
27 77 147.0
27 78 167.0
27 79 185.0
28 0 211.0
28 1 193.0
28 2 173.0
28 3 155.0
28 4 135.0
28 5 117.0
28 6 97.0
28 7 79.0
28 8 59.0
28 9 77.0
28 10 182.0
28 11 164.0
28 12 144.0
28 13 126.0
28 14 106.0
28 15 88.0
28 16 68.0
28 17 50.0
28 18 30.0
28 19 48.0
28 20 152.0
28 21 134.0
28 22 114.0
28 23 96.0
28 24 76.0
28 25 58.0
28 26 38.0
28 27 20.0
28 28 0.0
28 29 18.0
28 30 181.0
28 31 163.0
28 32 143.0
28 33 125.0
28 34 105.0
28 35 87.0
28 36 67.0
28 37 49.0
28 38 29.0
28 39 47.0
28 40 211.0
28 41 193.0
28 42 173.0
28 43 155.0
28 44 135.0
28 45 117.0
28 46 97.0
28 47 79.0
28 48 59.0
28 49 77.0
28 50 240.0
28 51 222.0
28 52 202.0
28 53 184.0
28 54 164.0
28 55 146.0
28 56 126.0
28 57 108.0
28 58 88.0
28 59 106.0
28 60 270.0
28 61 252.0
28 62 232.0
28 63 214.0
28 64 194.0
28 65 176.0
28 66 156.0
28 67 138.0
28 68 118.0
28 69 136.0
28 70 299.0
28 71 281.0
28 72 261.0
28 73 243.0
28 74 223.0
28 75 205.0
28 76 185.0
28 77 167.0
28 78 147.0
28 79 165.0
29 0 229.0
29 1 211.0
29 2 191.0
29 3 173.0
29 4 153.0
29 5 135.0
29 6 115.0
29 7 97.0
29 8 77.0
29 9 59.0
29 10 200.0
29 11 182.0
29 12 162.0
29 13 144.0
29 14 124.0
29 15 106.0
29 16 86.0
29 17 68.0
29 18 48.0
29 19 30.0
29 20 170.0
29 21 152.0
29 22 132.0
29 23 114.0
29 24 94.0
29 25 76.0
29 26 56.0
29 27 38.0
29 28 18.0
29 29 0.0
29 30 199.0
29 31 181.0
29 32 161.0
29 33 143.0
29 34 123.0
29 35 105.0
29 36 85.0
29 37 67.0
29 38 47.0
29 39 29.0
29 40 229.0
29 41 211.0
29 42 191.0
29 43 173.0
29 44 153.0
29 45 135.0
29 46 115.0
29 47 97.0
29 48 77.0
29 49 59.0
29 50 258.0
29 51 240.0
29 52 220.0
29 53 202.0
29 54 182.0
29 55 164.0
29 56 144.0
29 57 126.0
29 58 106.0
29 59 88.0
29 60 288.0
29 61 270.0
29 62 250.0
29 63 232.0
29 64 212.0
29 65 194.0
29 66 174.0
29 67 156.0
29 68 136.0
29 69 118.0
29 70 317.0
29 71 299.0
29 72 279.0
29 73 261.0
29 74 241.0
29 75 223.0
29 76 203.0
29 77 185.0
29 78 165.0
29 79 147.0
30 0 88.0
30 1 106.0
30 2 126.0
30 3 144.0
30 4 164.0
30 5 182.0
30 6 202.0
30 7 220.0
30 8 240.0
30 9 258.0
30 10 59.0
30 11 77.0
30 12 97.0
30 13 115.0
30 14 135.0
30 15 153.0
30 16 173.0
30 17 191.0
30 18 211.0
30 19 229.0
30 20 29.0
30 21 47.0
30 22 67.0
30 23 85.0
30 24 105.0
30 25 123.0
30 26 143.0
30 27 161.0
30 28 181.0
30 29 199.0
30 30 0.0
30 31 18.0
30 32 38.0
30 33 56.0
30 34 76.0
30 35 94.0
30 36 114.0
30 37 132.0
30 38 152.0
30 39 170.0
30 40 30.0
30 41 48.0
30 42 68.0
30 43 86.0
30 44 106.0
30 45 124.0
30 46 144.0
30 47 162.0
30 48 182.0
30 49 200.0
30 50 59.0
30 51 77.0
30 52 97.0
30 53 115.0
30 54 135.0
30 55 153.0
30 56 173.0
30 57 191.0
30 58 211.0
30 59 229.0
30 60 89.0
30 61 107.0
30 62 127.0
30 63 145.0
30 64 165.0
30 65 183.0
30 66 203.0
30 67 221.0
30 68 241.0
30 69 259.0
30 70 118.0
30 71 136.0
30 72 156.0
30 73 174.0
30 74 194.0
30 75 212.0
30 76 232.0
30 77 250.0
30 78 270.0
30 79 288.0
31 0 106.0
31 1 88.0
31 2 108.0
31 3 126.0
31 4 146.0
31 5 164.0
31 6 184.0
31 7 202.0
31 8 222.0
31 9 240.0
31 10 77.0
31 11 59.0
31 12 79.0
31 13 97.0
31 14 117.0
31 15 135.0
31 16 155.0
31 17 173.0
31 18 193.0
31 19 211.0
31 20 47.0
31 21 29.0
31 22 49.0
31 23 67.0
31 24 87.0
31 25 105.0
31 26 125.0
31 27 143.0
31 28 163.0
31 29 181.0
31 30 18.0
31 31 0.0
31 32 20.0
31 33 38.0
31 34 58.0
31 35 76.0
31 36 96.0
31 37 114.0
31 38 134.0
31 39 152.0
31 40 48.0
31 41 30.0
31 42 50.0
31 43 68.0
31 44 88.0
31 45 106.0
31 46 126.0
31 47 144.0
31 48 164.0
31 49 182.0
31 50 77.0
31 51 59.0
31 52 79.0
31 53 97.0
31 54 117.0
31 55 135.0
31 56 155.0
31 57 173.0
31 58 193.0
31 59 211.0
31 60 107.0
31 61 89.0
31 62 109.0
31 63 127.0
31 64 147.0
31 65 165.0
31 66 185.0
31 67 203.0
31 68 223.0
31 69 241.0
31 70 136.0
31 71 118.0
31 72 138.0
31 73 156.0
31 74 176.0
31 75 194.0
31 76 214.0
31 77 232.0
31 78 252.0
31 79 270.0
32 0 126.0
32 1 108.0
32 2 88.0
32 3 106.0
32 4 126.0
32 5 144.0
32 6 164.0
32 7 182.0
32 8 202.0
32 9 220.0
32 10 97.0
32 11 79.0
32 12 59.0
32 13 77.0
32 14 97.0
32 15 115.0
32 16 135.0
32 17 153.0
32 18 173.0
32 19 191.0
32 20 67.0
32 21 49.0
32 22 29.0
32 23 47.0
32 24 67.0
32 25 85.0
32 26 105.0
32 27 123.0
32 28 143.0
32 29 161.0
32 30 38.0
32 31 20.0
32 32 0.0
32 33 18.0
32 34 38.0
32 35 56.0
32 36 76.0
32 37 94.0
32 38 114.0
32 39 132.0
32 40 68.0
32 41 50.0
32 42 30.0
32 43 48.0
32 44 68.0
32 45 86.0
32 46 106.0
32 47 124.0
32 48 144.0
32 49 162.0
32 50 97.0
32 51 79.0
32 52 59.0
32 53 77.0
32 54 97.0
32 55 115.0
32 56 135.0
32 57 153.0
32 58 173.0
32 59 191.0
32 60 127.0
32 61 109.0
32 62 89.0
32 63 107.0
32 64 127.0
32 65 145.0
32 66 165.0
32 67 183.0
32 68 203.0
32 69 221.0
32 70 156.0
32 71 138.0
32 72 118.0
32 73 136.0
32 74 156.0
32 75 174.0
32 76 194.0
32 77 212.0
32 78 232.0
32 79 250.0
33 0 144.0
33 1 126.0
33 2 106.0
33 3 88.0
33 4 108.0
33 5 126.0
33 6 146.0
33 7 164.0
33 8 184.0
33 9 202.0
33 10 115.0
33 11 97.0
33 12 77.0
33 13 59.0
33 14 79.0
33 15 97.0
33 16 117.0
33 17 135.0
33 18 155.0
33 19 173.0
33 20 85.0
33 21 67.0
33 22 47.0
33 23 29.0
33 24 49.0
33 25 67.0
33 26 87.0
33 27 105.0
33 28 125.0
33 29 143.0
33 30 56.0
33 31 38.0
33 32 18.0
33 33 0.0
33 34 20.0
33 35 38.0
33 36 58.0
33 37 76.0
33 38 96.0
33 39 114.0
33 40 86.0
33 41 68.0
33 42 48.0
33 43 30.0
33 44 50.0
33 45 68.0
33 46 88.0
33 47 106.0
33 48 126.0
33 49 144.0
33 50 115.0
33 51 97.0
33 52 77.0
33 53 59.0
33 54 79.0
33 55 97.0
33 56 117.0
33 57 135.0
33 58 155.0
33 59 173.0
33 60 145.0
33 61 127.0
33 62 107.0
33 63 89.0
33 64 109.0
33 65 127.0
33 66 147.0
33 67 165.0
33 68 185.0
33 69 203.0
33 70 174.0
33 71 156.0
33 72 136.0
33 73 118.0
33 74 138.0
33 75 156.0
33 76 176.0
33 77 194.0
33 78 214.0
33 79 232.0
34 0 164.0
34 1 146.0
34 2 126.0
34 3 108.0
34 4 88.0
34 5 106.0
34 6 126.0
34 7 144.0
34 8 164.0
34 9 182.0
34 10 135.0
34 11 117.0
34 12 97.0
34 13 79.0
34 14 59.0
34 15 77.0
34 16 97.0
34 17 115.0
34 18 135.0
34 19 153.0
34 20 105.0
34 21 87.0
34 22 67.0
34 23 49.0
34 24 29.0
34 25 47.0
34 26 67.0
34 27 85.0
34 28 105.0
34 29 123.0
34 30 76.0
34 31 58.0
34 32 38.0
34 33 20.0
34 34 0.0
34 35 18.0
34 36 38.0
34 37 56.0
34 38 76.0
34 39 94.0
34 40 106.0
34 41 88.0
34 42 68.0
34 43 50.0
34 44 30.0
34 45 48.0
34 46 68.0
34 47 86.0
34 48 106.0
34 49 124.0
34 50 135.0
34 51 117.0
34 52 97.0
34 53 79.0
34 54 59.0
34 55 77.0
34 56 97.0
34 57 115.0
34 58 135.0
34 59 153.0
34 60 165.0
34 61 147.0
34 62 127.0
34 63 109.0
34 64 89.0
34 65 107.0
34 66 127.0
34 67 145.0
34 68 165.0
34 69 183.0
34 70 194.0
34 71 176.0
34 72 156.0
34 73 138.0
34 74 118.0
34 75 136.0
34 76 156.0
34 77 174.0
34 78 194.0
34 79 212.0
35 0 182.0
35 1 164.0
35 2 144.0
35 3 126.0
35 4 106.0
35 5 88.0
35 6 108.0
35 7 126.0
35 8 146.0
35 9 164.0
35 10 153.0
35 11 135.0
35 12 115.0
35 13 97.0
35 14 77.0
35 15 59.0
35 16 79.0
35 17 97.0
35 18 117.0
35 19 135.0
35 20 123.0
35 21 105.0
35 22 85.0
35 23 67.0
35 24 47.0
35 25 29.0
35 26 49.0
35 27 67.0
35 28 87.0
35 29 105.0
35 30 94.0
35 31 76.0
35 32 56.0
35 33 38.0
35 34 18.0
35 35 0.0
35 36 20.0
35 37 38.0
35 38 58.0
35 39 76.0
35 40 124.0
35 41 106.0
35 42 86.0
35 43 68.0
35 44 48.0
35 45 30.0
35 46 50.0
35 47 68.0
35 48 88.0
35 49 106.0
35 50 153.0
35 51 135.0
35 52 115.0
35 53 97.0
35 54 77.0
35 55 59.0
35 56 79.0
35 57 97.0
35 58 117.0
35 59 135.0
35 60 183.0
35 61 165.0
35 62 145.0
35 63 127.0
35 64 107.0
35 65 89.0
35 66 109.0
35 67 127.0
35 68 147.0
35 69 165.0
35 70 212.0
35 71 194.0
35 72 174.0
35 73 156.0
35 74 136.0
35 75 118.0
35 76 138.0
35 77 156.0
35 78 176.0
35 79 194.0
36 0 202.0
36 1 184.0
36 2 164.0
36 3 146.0
36 4 126.0
36 5 108.0
36 6 88.0
36 7 106.0
36 8 126.0
36 9 144.0
36 10 173.0
36 11 155.0
36 12 135.0
36 13 117.0
36 14 97.0
36 15 79.0
36 16 59.0
36 17 77.0
36 18 97.0
36 19 115.0
36 20 143.0
36 21 125.0
36 22 105.0
36 23 87.0
36 24 67.0
36 25 49.0
36 26 29.0
36 27 47.0
36 28 67.0
36 29 85.0
36 30 114.0
36 31 96.0
36 32 76.0
36 33 58.0
36 34 38.0
36 35 20.0
36 36 0.0
36 37 18.0
36 38 38.0
36 39 56.0
36 40 144.0
36 41 126.0
36 42 106.0
36 43 88.0
36 44 68.0
36 45 50.0
36 46 30.0
36 47 48.0
36 48 68.0
36 49 86.0
36 50 173.0
36 51 155.0
36 52 135.0
36 53 117.0
36 54 97.0
36 55 79.0
36 56 59.0
36 57 77.0
36 58 97.0
36 59 115.0
36 60 203.0
36 61 185.0
36 62 165.0
36 63 147.0
36 64 127.0
36 65 109.0
36 66 89.0
36 67 107.0
36 68 127.0
36 69 145.0
36 70 232.0
36 71 214.0
36 72 194.0
36 73 176.0
36 74 156.0
36 75 138.0
36 76 118.0
36 77 136.0
36 78 156.0
36 79 174.0
37 0 220.0
37 1 202.0
37 2 182.0
37 3 164.0
37 4 144.0
37 5 126.0
37 6 106.0
37 7 88.0
37 8 108.0
37 9 126.0
37 10 191.0
37 11 173.0
37 12 153.0
37 13 135.0
37 14 115.0
37 15 97.0
37 16 77.0
37 17 59.0
37 18 79.0
37 19 97.0
37 20 161.0
37 21 143.0
37 22 123.0
37 23 105.0
37 24 85.0
37 25 67.0
37 26 47.0
37 27 29.0
37 28 49.0
37 29 67.0
37 30 132.0
37 31 114.0
37 32 94.0
37 33 76.0
37 34 56.0
37 35 38.0
37 36 18.0
37 37 0.0
37 38 20.0
37 39 38.0
37 40 162.0
37 41 144.0
37 42 124.0
37 43 106.0
37 44 86.0
37 45 68.0
37 46 48.0
37 47 30.0
37 48 50.0
37 49 68.0
37 50 191.0
37 51 173.0
37 52 153.0
37 53 135.0
37 54 115.0
37 55 97.0
37 56 77.0
37 57 59.0
37 58 79.0
37 59 97.0
37 60 221.0
37 61 203.0
37 62 183.0
37 63 165.0
37 64 145.0
37 65 127.0
37 66 107.0
37 67 89.0
37 68 109.0
37 69 127.0
37 70 250.0
37 71 232.0
37 72 212.0
37 73 194.0
37 74 174.0
37 75 156.0
37 76 136.0
37 77 118.0
37 78 138.0
37 79 156.0
38 0 240.0
38 1 222.0
38 2 202.0
38 3 184.0
38 4 164.0
38 5 146.0
38 6 126.0
38 7 108.0
38 8 88.0
38 9 106.0
38 10 211.0
38 11 193.0
38 12 173.0
38 13 155.0
38 14 135.0
38 15 117.0
38 16 97.0
38 17 79.0
38 18 59.0
38 19 77.0
38 20 181.0
38 21 163.0
38 22 143.0
38 23 125.0
38 24 105.0
38 25 87.0
38 26 67.0
38 27 49.0
38 28 29.0
38 29 47.0
38 30 152.0
38 31 134.0
38 32 114.0
38 33 96.0
38 34 76.0
38 35 58.0
38 36 38.0
38 37 20.0
38 38 0.0
38 39 18.0
38 40 182.0
38 41 164.0
38 42 144.0
38 43 126.0
38 44 106.0
38 45 88.0
38 46 68.0
38 47 50.0
38 48 30.0
38 49 48.0
38 50 211.0
38 51 193.0
38 52 173.0
38 53 155.0
38 54 135.0
38 55 117.0
38 56 97.0
38 57 79.0
38 58 59.0
38 59 77.0
38 60 241.0
38 61 223.0
38 62 203.0
38 63 185.0
38 64 165.0
38 65 147.0
38 66 127.0
38 67 109.0
38 68 89.0
38 69 107.0
38 70 270.0
38 71 252.0
38 72 232.0
38 73 214.0
38 74 194.0
38 75 176.0
38 76 156.0
38 77 138.0
38 78 118.0
38 79 136.0
39 0 258.0
39 1 240.0
39 2 220.0
39 3 202.0
39 4 182.0
39 5 164.0
39 6 144.0
39 7 126.0
39 8 106.0
39 9 88.0
39 10 229.0
39 11 211.0
39 12 191.0
39 13 173.0
39 14 153.0
39 15 135.0
39 16 115.0
39 17 97.0
39 18 77.0
39 19 59.0
39 20 199.0
39 21 181.0
39 22 161.0
39 23 143.0
39 24 123.0
39 25 105.0
39 26 85.0
39 27 67.0
39 28 47.0
39 29 29.0
39 30 170.0
39 31 152.0
39 32 132.0
39 33 114.0
39 34 94.0
39 35 76.0
39 36 56.0
39 37 38.0
39 38 18.0
39 39 0.0
39 40 200.0
39 41 182.0
39 42 162.0
39 43 144.0
39 44 124.0
39 45 106.0
39 46 86.0
39 47 68.0
39 48 48.0
39 49 30.0
39 50 229.0
39 51 211.0
39 52 191.0
39 53 173.0
39 54 153.0
39 55 135.0
39 56 115.0
39 57 97.0
39 58 77.0
39 59 59.0
39 60 259.0
39 61 241.0
39 62 221.0
39 63 203.0
39 64 183.0
39 65 165.0
39 66 145.0
39 67 127.0
39 68 107.0
39 69 89.0
39 70 288.0
39 71 270.0
39 72 250.0
39 73 232.0
39 74 212.0
39 75 194.0
39 76 174.0
39 77 156.0
39 78 136.0
39 79 118.0
40 0 118.0
40 1 136.0
40 2 156.0
40 3 174.0
40 4 194.0
40 5 212.0
40 6 232.0
40 7 250.0
40 8 270.0
40 9 288.0
40 10 89.0
40 11 107.0
40 12 127.0
40 13 145.0
40 14 165.0
40 15 183.0
40 16 203.0
40 17 221.0
40 18 241.0
40 19 259.0
40 20 59.0
40 21 77.0
40 22 97.0
40 23 115.0
40 24 135.0
40 25 153.0
40 26 173.0
40 27 191.0
40 28 211.0
40 29 229.0
40 30 30.0
40 31 48.0
40 32 68.0
40 33 86.0
40 34 106.0
40 35 124.0
40 36 144.0
40 37 162.0
40 38 182.0
40 39 200.0
40 40 0.0
40 41 18.0
40 42 38.0
40 43 56.0
40 44 76.0
40 45 94.0
40 46 114.0
40 47 132.0
40 48 152.0
40 49 170.0
40 50 29.0
40 51 47.0
40 52 67.0
40 53 85.0
40 54 105.0
40 55 123.0
40 56 143.0
40 57 161.0
40 58 181.0
40 59 199.0
40 60 59.0
40 61 77.0
40 62 97.0
40 63 115.0
40 64 135.0
40 65 153.0
40 66 173.0
40 67 191.0
40 68 211.0
40 69 229.0
40 70 88.0
40 71 106.0
40 72 126.0
40 73 144.0
40 74 164.0
40 75 182.0
40 76 202.0
40 77 220.0
40 78 240.0
40 79 258.0
41 0 136.0
41 1 118.0
41 2 138.0
41 3 156.0
41 4 176.0
41 5 194.0
41 6 214.0
41 7 232.0
41 8 252.0
41 9 270.0
41 10 107.0
41 11 89.0
41 12 109.0
41 13 127.0
41 14 147.0
41 15 165.0
41 16 185.0
41 17 203.0
41 18 223.0
41 19 241.0
41 20 77.0
41 21 59.0
41 22 79.0
41 23 97.0
41 24 117.0
41 25 135.0
41 26 155.0
41 27 173.0
41 28 193.0
41 29 211.0
41 30 48.0
41 31 30.0
41 32 50.0
41 33 68.0
41 34 88.0
41 35 106.0
41 36 126.0
41 37 144.0
41 38 164.0
41 39 182.0
41 40 18.0
41 41 0.0
41 42 20.0
41 43 38.0
41 44 58.0
41 45 76.0
41 46 96.0
41 47 114.0
41 48 134.0
41 49 152.0
41 50 47.0
41 51 29.0
41 52 49.0
41 53 67.0
41 54 87.0
41 55 105.0
41 56 125.0
41 57 143.0
41 58 163.0
41 59 181.0
41 60 77.0
41 61 59.0
41 62 79.0
41 63 97.0
41 64 117.0
41 65 135.0
41 66 155.0
41 67 173.0
41 68 193.0
41 69 211.0
41 70 106.0
41 71 88.0
41 72 108.0
41 73 126.0
41 74 146.0
41 75 164.0
41 76 184.0
41 77 202.0
41 78 222.0
41 79 240.0
42 0 156.0
42 1 138.0
42 2 118.0
42 3 136.0
42 4 156.0
42 5 174.0
42 6 194.0
42 7 212.0
42 8 232.0
42 9 250.0
42 10 127.0
42 11 109.0
42 12 89.0
42 13 107.0
42 14 127.0
42 15 145.0
42 16 165.0
42 17 183.0
42 18 203.0
42 19 221.0
42 20 97.0
42 21 79.0
42 22 59.0
42 23 77.0
42 24 97.0
42 25 115.0
42 26 135.0
42 27 153.0
42 28 173.0
42 29 191.0
42 30 68.0
42 31 50.0
42 32 30.0
42 33 48.0
42 34 68.0
42 35 86.0
42 36 106.0
42 37 124.0
42 38 144.0
42 39 162.0
42 40 38.0
42 41 20.0
42 42 0.0
42 43 18.0
42 44 38.0
42 45 56.0
42 46 76.0
42 47 94.0
42 48 114.0
42 49 132.0
42 50 67.0
42 51 49.0
42 52 29.0
42 53 47.0
42 54 67.0
42 55 85.0
42 56 105.0
42 57 123.0
42 58 143.0
42 59 161.0
42 60 97.0
42 61 79.0
42 62 59.0
42 63 77.0
42 64 97.0
42 65 115.0
42 66 135.0
42 67 153.0
42 68 173.0
42 69 191.0
42 70 126.0
42 71 108.0
42 72 88.0
42 73 106.0
42 74 126.0
42 75 144.0
42 76 164.0
42 77 182.0
42 78 202.0
42 79 220.0
43 0 174.0
43 1 156.0
43 2 136.0
43 3 118.0
43 4 138.0
43 5 156.0
43 6 176.0
43 7 194.0
43 8 214.0
43 9 232.0
43 10 145.0
43 11 127.0
43 12 107.0
43 13 89.0
43 14 109.0
43 15 127.0
43 16 147.0
43 17 165.0
43 18 185.0
43 19 203.0
43 20 115.0
43 21 97.0
43 22 77.0
43 23 59.0
43 24 79.0
43 25 97.0
43 26 117.0
43 27 135.0
43 28 155.0
43 29 173.0
43 30 86.0
43 31 68.0
43 32 48.0
43 33 30.0
43 34 50.0
43 35 68.0
43 36 88.0
43 37 106.0
43 38 126.0
43 39 144.0
43 40 56.0
43 41 38.0
43 42 18.0
43 43 0.0
43 44 20.0
43 45 38.0
43 46 58.0
43 47 76.0
43 48 96.0
43 49 114.0
43 50 85.0
43 51 67.0
43 52 47.0
43 53 29.0
43 54 49.0
43 55 67.0
43 56 87.0
43 57 105.0
43 58 125.0
43 59 143.0
43 60 115.0
43 61 97.0
43 62 77.0
43 63 59.0
43 64 79.0
43 65 97.0
43 66 117.0
43 67 135.0
43 68 155.0
43 69 173.0
43 70 144.0
43 71 126.0
43 72 106.0
43 73 88.0
43 74 108.0
43 75 126.0
43 76 146.0
43 77 164.0
43 78 184.0
43 79 202.0
44 0 194.0
44 1 176.0
44 2 156.0
44 3 138.0
44 4 118.0
44 5 136.0
44 6 156.0
44 7 174.0
44 8 194.0
44 9 212.0
44 10 165.0
44 11 147.0
44 12 127.0
44 13 109.0
44 14 89.0
44 15 107.0
44 16 127.0
44 17 145.0
44 18 165.0
44 19 183.0
44 20 135.0
44 21 117.0
44 22 97.0
44 23 79.0
44 24 59.0
44 25 77.0
44 26 97.0
44 27 115.0
44 28 135.0
44 29 153.0
44 30 106.0
44 31 88.0
44 32 68.0
44 33 50.0
44 34 30.0
44 35 48.0
44 36 68.0
44 37 86.0
44 38 106.0
44 39 124.0
44 40 76.0
44 41 58.0
44 42 38.0
44 43 20.0
44 44 0.0
44 45 18.0
44 46 38.0
44 47 56.0
44 48 76.0
44 49 94.0
44 50 105.0
44 51 87.0
44 52 67.0
44 53 49.0
44 54 29.0
44 55 47.0
44 56 67.0
44 57 85.0
44 58 105.0
44 59 123.0
44 60 135.0
44 61 117.0
44 62 97.0
44 63 79.0
44 64 59.0
44 65 77.0
44 66 97.0
44 67 115.0
44 68 135.0
44 69 153.0
44 70 164.0
44 71 146.0
44 72 126.0
44 73 108.0
44 74 88.0
44 75 106.0
44 76 126.0
44 77 144.0
44 78 164.0
44 79 182.0
45 0 212.0
45 1 194.0
45 2 174.0
45 3 156.0
45 4 136.0
45 5 118.0
45 6 138.0
45 7 156.0
45 8 176.0
45 9 194.0
45 10 183.0
45 11 165.0
45 12 145.0
45 13 127.0
45 14 107.0
45 15 89.0
45 16 109.0
45 17 127.0
45 18 147.0
45 19 165.0
45 20 153.0
45 21 135.0
45 22 115.0
45 23 97.0
45 24 77.0
45 25 59.0
45 26 79.0
45 27 97.0
45 28 117.0
45 29 135.0
45 30 124.0
45 31 106.0
45 32 86.0
45 33 68.0
45 34 48.0
45 35 30.0
45 36 50.0
45 37 68.0
45 38 88.0
45 39 106.0
45 40 94.0
45 41 76.0
45 42 56.0
45 43 38.0
45 44 18.0
45 45 0.0
45 46 20.0
45 47 38.0
45 48 58.0
45 49 76.0
45 50 123.0
45 51 105.0
45 52 85.0
45 53 67.0
45 54 47.0
45 55 29.0
45 56 49.0
45 57 67.0
45 58 87.0
45 59 105.0
45 60 153.0
45 61 135.0
45 62 115.0
45 63 97.0
45 64 77.0
45 65 59.0
45 66 79.0
45 67 97.0
45 68 117.0
45 69 135.0
45 70 182.0
45 71 164.0
45 72 144.0
45 73 126.0
45 74 106.0
45 75 88.0
45 76 108.0
45 77 126.0
45 78 146.0
45 79 164.0
46 0 232.0
46 1 214.0
46 2 194.0
46 3 176.0
46 4 156.0
46 5 138.0
46 6 118.0
46 7 136.0
46 8 156.0
46 9 174.0
46 10 203.0
46 11 185.0
46 12 165.0
46 13 147.0
46 14 127.0
46 15 109.0
46 16 89.0
46 17 107.0
46 18 127.0
46 19 145.0
46 20 173.0
46 21 155.0
46 22 135.0
46 23 117.0
46 24 97.0
46 25 79.0
46 26 59.0
46 27 77.0
46 28 97.0
46 29 115.0
46 30 144.0
46 31 126.0
46 32 106.0
46 33 88.0
46 34 68.0
46 35 50.0
46 36 30.0
46 37 48.0
46 38 68.0
46 39 86.0
46 40 114.0
46 41 96.0
46 42 76.0
46 43 58.0
46 44 38.0
46 45 20.0
46 46 0.0
46 47 18.0
46 48 38.0
46 49 56.0
46 50 143.0
46 51 125.0
46 52 105.0
46 53 87.0
46 54 67.0
46 55 49.0
46 56 29.0
46 57 47.0
46 58 67.0
46 59 85.0
46 60 173.0
46 61 155.0
46 62 135.0
46 63 117.0
46 64 97.0
46 65 79.0
46 66 59.0
46 67 77.0
46 68 97.0
46 69 115.0
46 70 202.0
46 71 184.0
46 72 164.0
46 73 146.0
46 74 126.0
46 75 108.0
46 76 88.0
46 77 106.0
46 78 126.0
46 79 144.0
47 0 250.0
47 1 232.0
47 2 212.0
47 3 194.0
47 4 174.0
47 5 156.0
47 6 136.0
47 7 118.0
47 8 138.0
47 9 156.0
47 10 221.0
47 11 203.0
47 12 183.0
47 13 165.0
47 14 145.0
47 15 127.0
47 16 107.0
47 17 89.0
47 18 109.0
47 19 127.0
47 20 191.0
47 21 173.0
47 22 153.0
47 23 135.0
47 24 115.0
47 25 97.0
47 26 77.0
47 27 59.0
47 28 79.0
47 29 97.0
47 30 162.0
47 31 144.0
47 32 124.0
47 33 106.0
47 34 86.0
47 35 68.0
47 36 48.0
47 37 30.0
47 38 50.0
47 39 68.0
47 40 132.0
47 41 114.0
47 42 94.0
47 43 76.0
47 44 56.0
47 45 38.0
47 46 18.0
47 47 0.0
47 48 20.0
47 49 38.0
47 50 161.0
47 51 143.0
47 52 123.0
47 53 105.0
47 54 85.0
47 55 67.0
47 56 47.0
47 57 29.0
47 58 49.0
47 59 67.0
47 60 191.0
47 61 173.0
47 62 153.0
47 63 135.0
47 64 115.0
47 65 97.0
47 66 77.0
47 67 59.0
47 68 79.0
47 69 97.0
47 70 220.0
47 71 202.0
47 72 182.0
47 73 164.0
47 74 144.0
47 75 126.0
47 76 106.0
47 77 88.0
47 78 108.0
47 79 126.0
48 0 270.0
48 1 252.0
48 2 232.0
48 3 214.0
48 4 194.0
48 5 176.0
48 6 156.0
48 7 138.0
48 8 118.0
48 9 136.0
48 10 241.0
48 11 223.0
48 12 203.0
48 13 185.0
48 14 165.0
48 15 147.0
48 16 127.0
48 17 109.0
48 18 89.0
48 19 107.0
48 20 211.0
48 21 193.0
48 22 173.0
48 23 155.0
48 24 135.0
48 25 117.0
48 26 97.0
48 27 79.0
48 28 59.0
48 29 77.0
48 30 182.0
48 31 164.0
48 32 144.0
48 33 126.0
48 34 106.0
48 35 88.0
48 36 68.0
48 37 50.0
48 38 30.0
48 39 48.0
48 40 152.0
48 41 134.0
48 42 114.0
48 43 96.0
48 44 76.0
48 45 58.0
48 46 38.0
48 47 20.0
48 48 0.0
48 49 18.0
48 50 181.0
48 51 163.0
48 52 143.0
48 53 125.0
48 54 105.0
48 55 87.0
48 56 67.0
48 57 49.0
48 58 29.0
48 59 47.0
48 60 211.0
48 61 193.0
48 62 173.0
48 63 155.0
48 64 135.0
48 65 117.0
48 66 97.0
48 67 79.0
48 68 59.0
48 69 77.0
48 70 240.0
48 71 222.0
48 72 202.0
48 73 184.0
48 74 164.0
48 75 146.0
48 76 126.0
48 77 108.0
48 78 88.0
48 79 106.0
49 0 288.0
49 1 270.0
49 2 250.0
49 3 232.0
49 4 212.0
49 5 194.0
49 6 174.0
49 7 156.0
49 8 136.0
49 9 118.0
49 10 259.0
49 11 241.0
49 12 221.0
49 13 203.0
49 14 183.0
49 15 165.0
49 16 145.0
49 17 127.0
49 18 107.0
49 19 89.0
49 20 229.0
49 21 211.0
49 22 191.0
49 23 173.0
49 24 153.0
49 25 135.0
49 26 115.0
49 27 97.0
49 28 77.0
49 29 59.0
49 30 200.0
49 31 182.0
49 32 162.0
49 33 144.0
49 34 124.0
49 35 106.0
49 36 86.0
49 37 68.0
49 38 48.0
49 39 30.0
49 40 170.0
49 41 152.0
49 42 132.0
49 43 114.0
49 44 94.0
49 45 76.0
49 46 56.0
49 47 38.0
49 48 18.0
49 49 0.0
49 50 199.0
49 51 181.0
49 52 161.0
49 53 143.0
49 54 123.0
49 55 105.0
49 56 85.0
49 57 67.0
49 58 47.0
49 59 29.0
49 60 229.0
49 61 211.0
49 62 191.0
49 63 173.0
49 64 153.0
49 65 135.0
49 66 115.0
49 67 97.0
49 68 77.0
49 69 59.0
49 70 258.0
49 71 240.0
49 72 220.0
49 73 202.0
49 74 182.0
49 75 164.0
49 76 144.0
49 77 126.0
49 78 106.0
49 79 88.0
50 0 147.0
50 1 165.0
50 2 185.0
50 3 203.0
50 4 223.0
50 5 241.0
50 6 261.0
50 7 279.0
50 8 299.0
50 9 317.0
50 10 118.0
50 11 136.0
50 12 156.0
50 13 174.0
50 14 194.0
50 15 212.0
50 16 232.0
50 17 250.0
50 18 270.0
50 19 288.0
50 20 88.0
50 21 106.0
50 22 126.0
50 23 144.0
50 24 164.0
50 25 182.0
50 26 202.0
50 27 220.0
50 28 240.0
50 29 258.0
50 30 59.0
50 31 77.0
50 32 97.0
50 33 115.0
50 34 135.0
50 35 153.0
50 36 173.0
50 37 191.0
50 38 211.0
50 39 229.0
50 40 29.0
50 41 47.0
50 42 67.0
50 43 85.0
50 44 105.0
50 45 123.0
50 46 143.0
50 47 161.0
50 48 181.0
50 49 199.0
50 50 0.0
50 51 18.0
50 52 38.0
50 53 56.0
50 54 76.0
50 55 94.0
50 56 114.0
50 57 132.0
50 58 152.0
50 59 170.0
50 60 30.0
50 61 48.0
50 62 68.0
50 63 86.0
50 64 106.0
50 65 124.0
50 66 144.0
50 67 162.0
50 68 182.0
50 69 200.0
50 70 59.0
50 71 77.0
50 72 97.0
50 73 115.0
50 74 135.0
50 75 153.0
50 76 173.0
50 77 191.0
50 78 211.0
50 79 229.0
51 0 165.0
51 1 147.0
51 2 167.0
51 3 185.0
51 4 205.0
51 5 223.0
51 6 243.0
51 7 261.0
51 8 281.0
51 9 299.0
51 10 136.0
51 11 118.0
51 12 138.0
51 13 156.0
51 14 176.0
51 15 194.0
51 16 214.0
51 17 232.0
51 18 252.0
51 19 270.0
51 20 106.0
51 21 88.0
51 22 108.0
51 23 126.0
51 24 146.0
51 25 164.0
51 26 184.0
51 27 202.0
51 28 222.0
51 29 240.0
51 30 77.0
51 31 59.0
51 32 79.0
51 33 97.0
51 34 117.0
51 35 135.0
51 36 155.0
51 37 173.0
51 38 193.0
51 39 211.0
51 40 47.0
51 41 29.0
51 42 49.0
51 43 67.0
51 44 87.0
51 45 105.0
51 46 125.0
51 47 143.0
51 48 163.0
51 49 181.0
51 50 18.0
51 51 0.0
51 52 20.0
51 53 38.0
51 54 58.0
51 55 76.0
51 56 96.0
51 57 114.0
51 58 134.0
51 59 152.0
51 60 48.0
51 61 30.0
51 62 50.0
51 63 68.0
51 64 88.0
51 65 106.0
51 66 126.0
51 67 144.0
51 68 164.0
51 69 182.0
51 70 77.0
51 71 59.0
51 72 79.0
51 73 97.0
51 74 117.0
51 75 135.0
51 76 155.0
51 77 173.0
51 78 193.0
51 79 211.0
52 0 185.0
52 1 167.0
52 2 147.0
52 3 165.0
52 4 185.0
52 5 203.0
52 6 223.0
52 7 241.0
52 8 261.0
52 9 279.0
52 10 156.0
52 11 138.0
52 12 118.0
52 13 136.0
52 14 156.0
52 15 174.0
52 16 194.0
52 17 212.0
52 18 232.0
52 19 250.0
52 20 126.0
52 21 108.0
52 22 88.0
52 23 106.0
52 24 126.0
52 25 144.0
52 26 164.0
52 27 182.0
52 28 202.0
52 29 220.0
52 30 97.0
52 31 79.0
52 32 59.0
52 33 77.0
52 34 97.0
52 35 115.0
52 36 135.0
52 37 153.0
52 38 173.0
52 39 191.0
52 40 67.0
52 41 49.0
52 42 29.0
52 43 47.0
52 44 67.0
52 45 85.0
52 46 105.0
52 47 123.0
52 48 143.0
52 49 161.0
52 50 38.0
52 51 20.0
52 52 0.0
52 53 18.0
52 54 38.0
52 55 56.0
52 56 76.0
52 57 94.0
52 58 114.0
52 59 132.0
52 60 68.0
52 61 50.0
52 62 30.0
52 63 48.0
52 64 68.0
52 65 86.0
52 66 106.0
52 67 124.0
52 68 144.0
52 69 162.0
52 70 97.0
52 71 79.0
52 72 59.0
52 73 77.0
52 74 97.0
52 75 115.0
52 76 135.0
52 77 153.0
52 78 173.0
52 79 191.0
53 0 203.0
53 1 185.0
53 2 165.0
53 3 147.0
53 4 167.0
53 5 185.0
53 6 205.0
53 7 223.0
53 8 243.0
53 9 261.0
53 10 174.0
53 11 156.0
53 12 136.0
53 13 118.0
53 14 138.0
53 15 156.0
53 16 176.0
53 17 194.0
53 18 214.0
53 19 232.0
53 20 144.0
53 21 126.0
53 22 106.0
53 23 88.0
53 24 108.0
53 25 126.0
53 26 146.0
53 27 164.0
53 28 184.0
53 29 202.0
53 30 115.0
53 31 97.0
53 32 77.0
53 33 59.0
53 34 79.0
53 35 97.0
53 36 117.0
53 37 135.0
53 38 155.0
53 39 173.0
53 40 85.0
53 41 67.0
53 42 47.0
53 43 29.0
53 44 49.0
53 45 67.0
53 46 87.0
53 47 105.0
53 48 125.0
53 49 143.0
53 50 56.0
53 51 38.0
53 52 18.0
53 53 0.0
53 54 20.0
53 55 38.0
53 56 58.0
53 57 76.0
53 58 96.0
53 59 114.0
53 60 86.0
53 61 68.0
53 62 48.0
53 63 30.0
53 64 50.0
53 65 68.0
53 66 88.0
53 67 106.0
53 68 126.0
53 69 144.0
53 70 115.0
53 71 97.0
53 72 77.0
53 73 59.0
53 74 79.0
53 75 97.0
53 76 117.0
53 77 135.0
53 78 155.0
53 79 173.0
54 0 223.0
54 1 205.0
54 2 185.0
54 3 167.0
54 4 147.0
54 5 165.0
54 6 185.0
54 7 203.0
54 8 223.0
54 9 241.0
54 10 194.0
54 11 176.0
54 12 156.0
54 13 138.0
54 14 118.0
54 15 136.0
54 16 156.0
54 17 174.0
54 18 194.0
54 19 212.0
54 20 164.0
54 21 146.0
54 22 126.0
54 23 108.0
54 24 88.0
54 25 106.0
54 26 126.0
54 27 144.0
54 28 164.0
54 29 182.0
54 30 135.0
54 31 117.0
54 32 97.0
54 33 79.0
54 34 59.0
54 35 77.0
54 36 97.0
54 37 115.0
54 38 135.0
54 39 153.0
54 40 105.0
54 41 87.0
54 42 67.0
54 43 49.0
54 44 29.0
54 45 47.0
54 46 67.0
54 47 85.0
54 48 105.0
54 49 123.0
54 50 76.0
54 51 58.0
54 52 38.0
54 53 20.0
54 54 0.0
54 55 18.0
54 56 38.0
54 57 56.0
54 58 76.0
54 59 94.0
54 60 106.0
54 61 88.0
54 62 68.0
54 63 50.0
54 64 30.0
54 65 48.0
54 66 68.0
54 67 86.0
54 68 106.0
54 69 124.0
54 70 135.0
54 71 117.0
54 72 97.0
54 73 79.0
54 74 59.0
54 75 77.0
54 76 97.0
54 77 115.0
54 78 135.0
54 79 153.0
55 0 241.0
55 1 223.0
55 2 203.0
55 3 185.0
55 4 165.0
55 5 147.0
55 6 167.0
55 7 185.0
55 8 205.0
55 9 223.0
55 10 212.0
55 11 194.0
55 12 174.0
55 13 156.0
55 14 136.0
55 15 118.0
55 16 138.0
55 17 156.0
55 18 176.0
55 19 194.0
55 20 182.0
55 21 164.0
55 22 144.0
55 23 126.0
55 24 106.0
55 25 88.0
55 26 108.0
55 27 126.0
55 28 146.0
55 29 164.0
55 30 153.0
55 31 135.0
55 32 115.0
55 33 97.0
55 34 77.0
55 35 59.0
55 36 79.0
55 37 97.0
55 38 117.0
55 39 135.0
55 40 123.0
55 41 105.0
55 42 85.0
55 43 67.0
55 44 47.0
55 45 29.0
55 46 49.0
55 47 67.0
55 48 87.0
55 49 105.0
55 50 94.0
55 51 76.0
55 52 56.0
55 53 38.0
55 54 18.0
55 55 0.0
55 56 20.0
55 57 38.0
55 58 58.0
55 59 76.0
55 60 124.0
55 61 106.0
55 62 86.0
55 63 68.0
55 64 48.0
55 65 30.0
55 66 50.0
55 67 68.0
55 68 88.0
55 69 106.0
55 70 153.0
55 71 135.0
55 72 115.0
55 73 97.0
55 74 77.0
55 75 59.0
55 76 79.0
55 77 97.0
55 78 117.0
55 79 135.0
56 0 261.0
56 1 243.0
56 2 223.0
56 3 205.0
56 4 185.0
56 5 167.0
56 6 147.0
56 7 165.0
56 8 185.0
56 9 203.0
56 10 232.0
56 11 214.0
56 12 194.0
56 13 176.0
56 14 156.0
56 15 138.0
56 16 118.0
56 17 136.0
56 18 156.0
56 19 174.0
56 20 202.0
56 21 184.0
56 22 164.0
56 23 146.0
56 24 126.0
56 25 108.0
56 26 88.0
56 27 106.0
56 28 126.0
56 29 144.0
56 30 173.0
56 31 155.0
56 32 135.0
56 33 117.0
56 34 97.0
56 35 79.0
56 36 59.0
56 37 77.0
56 38 97.0
56 39 115.0
56 40 143.0
56 41 125.0
56 42 105.0
56 43 87.0
56 44 67.0
56 45 49.0
56 46 29.0
56 47 47.0
56 48 67.0
56 49 85.0
56 50 114.0
56 51 96.0
56 52 76.0
56 53 58.0
56 54 38.0
56 55 20.0
56 56 0.0
56 57 18.0
56 58 38.0
56 59 56.0
56 60 144.0
56 61 126.0
56 62 106.0
56 63 88.0
56 64 68.0
56 65 50.0
56 66 30.0
56 67 48.0
56 68 68.0
56 69 86.0
56 70 173.0
56 71 155.0
56 72 135.0
56 73 117.0
56 74 97.0
56 75 79.0
56 76 59.0
56 77 77.0
56 78 97.0
56 79 115.0
57 0 279.0
57 1 261.0
57 2 241.0
57 3 223.0
57 4 203.0
57 5 185.0
57 6 165.0
57 7 147.0
57 8 167.0
57 9 185.0
57 10 250.0
57 11 232.0
57 12 212.0
57 13 194.0
57 14 174.0
57 15 156.0
57 16 136.0
57 17 118.0
57 18 138.0
57 19 156.0
57 20 220.0
57 21 202.0
57 22 182.0
57 23 164.0
57 24 144.0
57 25 126.0
57 26 106.0
57 27 88.0
57 28 108.0
57 29 126.0
57 30 191.0
57 31 173.0
57 32 153.0
57 33 135.0
57 34 115.0
57 35 97.0
57 36 77.0
57 37 59.0
57 38 79.0
57 39 97.0
57 40 161.0
57 41 143.0
57 42 123.0
57 43 105.0
57 44 85.0
57 45 67.0
57 46 47.0
57 47 29.0
57 48 49.0
57 49 67.0
57 50 132.0
57 51 114.0
57 52 94.0
57 53 76.0
57 54 56.0
57 55 38.0
57 56 18.0
57 57 0.0
57 58 20.0
57 59 38.0
57 60 162.0
57 61 144.0
57 62 124.0
57 63 106.0
57 64 86.0
57 65 68.0
57 66 48.0
57 67 30.0
57 68 50.0
57 69 68.0
57 70 191.0
57 71 173.0
57 72 153.0
57 73 135.0
57 74 115.0
57 75 97.0
57 76 77.0
57 77 59.0
57 78 79.0
57 79 97.0
58 0 299.0
58 1 281.0
58 2 261.0
58 3 243.0
58 4 223.0
58 5 205.0
58 6 185.0
58 7 167.0
58 8 147.0
58 9 165.0
58 10 270.0
58 11 252.0
58 12 232.0
58 13 214.0
58 14 194.0
58 15 176.0
58 16 156.0
58 17 138.0
58 18 118.0
58 19 136.0
58 20 240.0
58 21 222.0
58 22 202.0
58 23 184.0
58 24 164.0
58 25 146.0
58 26 126.0
58 27 108.0
58 28 88.0
58 29 106.0
58 30 211.0
58 31 193.0
58 32 173.0
58 33 155.0
58 34 135.0
58 35 117.0
58 36 97.0
58 37 79.0
58 38 59.0
58 39 77.0
58 40 181.0
58 41 163.0
58 42 143.0
58 43 125.0
58 44 105.0
58 45 87.0
58 46 67.0
58 47 49.0
58 48 29.0
58 49 47.0
58 50 152.0
58 51 134.0
58 52 114.0
58 53 96.0
58 54 76.0
58 55 58.0
58 56 38.0
58 57 20.0
58 58 0.0
58 59 18.0
58 60 182.0
58 61 164.0
58 62 144.0
58 63 126.0
58 64 106.0
58 65 88.0
58 66 68.0
58 67 50.0
58 68 30.0
58 69 48.0
58 70 211.0
58 71 193.0
58 72 173.0
58 73 155.0
58 74 135.0
58 75 117.0
58 76 97.0
58 77 79.0
58 78 59.0
58 79 77.0
59 0 317.0
59 1 299.0
59 2 279.0
59 3 261.0
59 4 241.0
59 5 223.0
59 6 203.0
59 7 185.0
59 8 165.0
59 9 147.0
59 10 288.0
59 11 270.0
59 12 250.0
59 13 232.0
59 14 212.0
59 15 194.0
59 16 174.0
59 17 156.0
59 18 136.0
59 19 118.0
59 20 258.0
59 21 240.0
59 22 220.0
59 23 202.0
59 24 182.0
59 25 164.0
59 26 144.0
59 27 126.0
59 28 106.0
59 29 88.0
59 30 229.0
59 31 211.0
59 32 191.0
59 33 173.0
59 34 153.0
59 35 135.0
59 36 115.0
59 37 97.0
59 38 77.0
59 39 59.0
59 40 199.0
59 41 181.0
59 42 161.0
59 43 143.0
59 44 123.0
59 45 105.0
59 46 85.0
59 47 67.0
59 48 47.0
59 49 29.0
59 50 170.0
59 51 152.0
59 52 132.0
59 53 114.0
59 54 94.0
59 55 76.0
59 56 56.0
59 57 38.0
59 58 18.0
59 59 0.0
59 60 200.0
59 61 182.0
59 62 162.0
59 63 144.0
59 64 124.0
59 65 106.0
59 66 86.0
59 67 68.0
59 68 48.0
59 69 30.0
59 70 229.0
59 71 211.0
59 72 191.0
59 73 173.0
59 74 153.0
59 75 135.0
59 76 115.0
59 77 97.0
59 78 77.0
59 79 59.0
60 0 177.0
60 1 195.0
60 2 215.0
60 3 233.0
60 4 253.0
60 5 271.0
60 6 291.0
60 7 309.0
60 8 329.0
60 9 347.0
60 10 148.0
60 11 166.0
60 12 186.0
60 13 204.0
60 14 224.0
60 15 242.0
60 16 262.0
60 17 280.0
60 18 300.0
60 19 318.0
60 20 118.0
60 21 136.0
60 22 156.0
60 23 174.0
60 24 194.0
60 25 212.0
60 26 232.0
60 27 250.0
60 28 270.0
60 29 288.0
60 30 89.0
60 31 107.0
60 32 127.0
60 33 145.0
60 34 165.0
60 35 183.0
60 36 203.0
60 37 221.0
60 38 241.0
60 39 259.0
60 40 59.0
60 41 77.0
60 42 97.0
60 43 115.0
60 44 135.0
60 45 153.0
60 46 173.0
60 47 191.0
60 48 211.0
60 49 229.0
60 50 30.0
60 51 48.0
60 52 68.0
60 53 86.0
60 54 106.0
60 55 124.0
60 56 144.0
60 57 162.0
60 58 182.0
60 59 200.0
60 60 0.0
60 61 18.0
60 62 38.0
60 63 56.0
60 64 76.0
60 65 94.0
60 66 114.0
60 67 132.0
60 68 152.0
60 69 170.0
60 70 29.0
60 71 47.0
60 72 67.0
60 73 85.0
60 74 105.0
60 75 123.0
60 76 143.0
60 77 161.0
60 78 181.0
60 79 199.0
61 0 195.0
61 1 177.0
61 2 197.0
61 3 215.0
61 4 235.0
61 5 253.0
61 6 273.0
61 7 291.0
61 8 311.0
61 9 329.0
61 10 166.0
61 11 148.0
61 12 168.0
61 13 186.0
61 14 206.0
61 15 224.0
61 16 244.0
61 17 262.0
61 18 282.0
61 19 300.0
61 20 136.0
61 21 118.0
61 22 138.0
61 23 156.0
61 24 176.0
61 25 194.0
61 26 214.0
61 27 232.0
61 28 252.0
61 29 270.0
61 30 107.0
61 31 89.0
61 32 109.0
61 33 127.0
61 34 147.0
61 35 165.0
61 36 185.0
61 37 203.0
61 38 223.0
61 39 241.0
61 40 77.0
61 41 59.0
61 42 79.0
61 43 97.0
61 44 117.0
61 45 135.0
61 46 155.0
61 47 173.0
61 48 193.0
61 49 211.0
61 50 48.0
61 51 30.0
61 52 50.0
61 53 68.0
61 54 88.0
61 55 106.0
61 56 126.0
61 57 144.0
61 58 164.0
61 59 182.0
61 60 18.0
61 61 0.0
61 62 20.0
61 63 38.0
61 64 58.0
61 65 76.0
61 66 96.0
61 67 114.0
61 68 134.0
61 69 152.0
61 70 47.0
61 71 29.0
61 72 49.0
61 73 67.0
61 74 87.0
61 75 105.0
61 76 125.0
61 77 143.0
61 78 163.0
61 79 181.0
62 0 215.0
62 1 197.0
62 2 177.0
62 3 195.0
62 4 215.0
62 5 233.0
62 6 253.0
62 7 271.0
62 8 291.0
62 9 309.0
62 10 186.0
62 11 168.0
62 12 148.0
62 13 166.0
62 14 186.0
62 15 204.0
62 16 224.0
62 17 242.0
62 18 262.0
62 19 280.0
62 20 156.0
62 21 138.0
62 22 118.0
62 23 136.0
62 24 156.0
62 25 174.0
62 26 194.0
62 27 212.0
62 28 232.0
62 29 250.0
62 30 127.0
62 31 109.0
62 32 89.0
62 33 107.0
62 34 127.0
62 35 145.0
62 36 165.0
62 37 183.0
62 38 203.0
62 39 221.0
62 40 97.0
62 41 79.0
62 42 59.0
62 43 77.0
62 44 97.0
62 45 115.0
62 46 135.0
62 47 153.0
62 48 173.0
62 49 191.0
62 50 68.0
62 51 50.0
62 52 30.0
62 53 48.0
62 54 68.0
62 55 86.0
62 56 106.0
62 57 124.0
62 58 144.0
62 59 162.0
62 60 38.0
62 61 20.0
62 62 0.0
62 63 18.0
62 64 38.0
62 65 56.0
62 66 76.0
62 67 94.0
62 68 114.0
62 69 132.0
62 70 67.0
62 71 49.0
62 72 29.0
62 73 47.0
62 74 67.0
62 75 85.0
62 76 105.0
62 77 123.0
62 78 143.0
62 79 161.0
63 0 233.0
63 1 215.0
63 2 195.0
63 3 177.0
63 4 197.0
63 5 215.0
63 6 235.0
63 7 253.0
63 8 273.0
63 9 291.0
63 10 204.0
63 11 186.0
63 12 166.0
63 13 148.0
63 14 168.0
63 15 186.0
63 16 206.0
63 17 224.0
63 18 244.0
63 19 262.0
63 20 174.0
63 21 156.0
63 22 136.0
63 23 118.0
63 24 138.0
63 25 156.0
63 26 176.0
63 27 194.0
63 28 214.0
63 29 232.0
63 30 145.0
63 31 127.0
63 32 107.0
63 33 89.0
63 34 109.0
63 35 127.0
63 36 147.0
63 37 165.0
63 38 185.0
63 39 203.0
63 40 115.0
63 41 97.0
63 42 77.0
63 43 59.0
63 44 79.0
63 45 97.0
63 46 117.0
63 47 135.0
63 48 155.0
63 49 173.0
63 50 86.0
63 51 68.0
63 52 48.0
63 53 30.0
63 54 50.0
63 55 68.0
63 56 88.0
63 57 106.0
63 58 126.0
63 59 144.0
63 60 56.0
63 61 38.0
63 62 18.0
63 63 0.0
63 64 20.0
63 65 38.0
63 66 58.0
63 67 76.0
63 68 96.0
63 69 114.0
63 70 85.0
63 71 67.0
63 72 47.0
63 73 29.0
63 74 49.0
63 75 67.0
63 76 87.0
63 77 105.0
63 78 125.0
63 79 143.0
64 0 253.0
64 1 235.0
64 2 215.0
64 3 197.0
64 4 177.0
64 5 195.0
64 6 215.0
64 7 233.0
64 8 253.0
64 9 271.0
64 10 224.0
64 11 206.0
64 12 186.0
64 13 168.0
64 14 148.0
64 15 166.0
64 16 186.0
64 17 204.0
64 18 224.0
64 19 242.0
64 20 194.0
64 21 176.0
64 22 156.0
64 23 138.0
64 24 118.0
64 25 136.0
64 26 156.0
64 27 174.0
64 28 194.0
64 29 212.0
64 30 165.0
64 31 147.0
64 32 127.0
64 33 109.0
64 34 89.0
64 35 107.0
64 36 127.0
64 37 145.0
64 38 165.0
64 39 183.0
64 40 135.0
64 41 117.0
64 42 97.0
64 43 79.0
64 44 59.0
64 45 77.0
64 46 97.0
64 47 115.0
64 48 135.0
64 49 153.0
64 50 106.0
64 51 88.0
64 52 68.0
64 53 50.0
64 54 30.0
64 55 48.0
64 56 68.0
64 57 86.0
64 58 106.0
64 59 124.0
64 60 76.0
64 61 58.0
64 62 38.0
64 63 20.0
64 64 0.0
64 65 18.0
64 66 38.0
64 67 56.0
64 68 76.0
64 69 94.0
64 70 105.0
64 71 87.0
64 72 67.0
64 73 49.0
64 74 29.0
64 75 47.0
64 76 67.0
64 77 85.0
64 78 105.0
64 79 123.0
65 0 271.0
65 1 253.0
65 2 233.0
65 3 215.0
65 4 195.0
65 5 177.0
65 6 197.0
65 7 215.0
65 8 235.0
65 9 253.0
65 10 242.0
65 11 224.0
65 12 204.0
65 13 186.0
65 14 166.0
65 15 148.0
65 16 168.0
65 17 186.0
65 18 206.0
65 19 224.0
65 20 212.0
65 21 194.0
65 22 174.0
65 23 156.0
65 24 136.0
65 25 118.0
65 26 138.0
65 27 156.0
65 28 176.0
65 29 194.0
65 30 183.0
65 31 165.0
65 32 145.0
65 33 127.0
65 34 107.0
65 35 89.0
65 36 109.0
65 37 127.0
65 38 147.0
65 39 165.0
65 40 153.0
65 41 135.0
65 42 115.0
65 43 97.0
65 44 77.0
65 45 59.0
65 46 79.0
65 47 97.0
65 48 117.0
65 49 135.0
65 50 124.0
65 51 106.0
65 52 86.0
65 53 68.0
65 54 48.0
65 55 30.0
65 56 50.0
65 57 68.0
65 58 88.0
65 59 106.0
65 60 94.0
65 61 76.0
65 62 56.0
65 63 38.0
65 64 18.0
65 65 0.0
65 66 20.0
65 67 38.0
65 68 58.0
65 69 76.0
65 70 123.0
65 71 105.0
65 72 85.0
65 73 67.0
65 74 47.0
65 75 29.0
65 76 49.0
65 77 67.0
65 78 87.0
65 79 105.0
66 0 291.0
66 1 273.0
66 2 253.0
66 3 235.0
66 4 215.0
66 5 197.0
66 6 177.0
66 7 195.0
66 8 215.0
66 9 233.0
66 10 262.0
66 11 244.0
66 12 224.0
66 13 206.0
66 14 186.0
66 15 168.0
66 16 148.0
66 17 166.0
66 18 186.0
66 19 204.0
66 20 232.0
66 21 214.0
66 22 194.0
66 23 176.0
66 24 156.0
66 25 138.0
66 26 118.0
66 27 136.0
66 28 156.0
66 29 174.0
66 30 203.0
66 31 185.0
66 32 165.0
66 33 147.0
66 34 127.0
66 35 109.0
66 36 89.0
66 37 107.0
66 38 127.0
66 39 145.0
66 40 173.0
66 41 155.0
66 42 135.0
66 43 117.0
66 44 97.0
66 45 79.0
66 46 59.0
66 47 77.0
66 48 97.0
66 49 115.0
66 50 144.0
66 51 126.0
66 52 106.0
66 53 88.0
66 54 68.0
66 55 50.0
66 56 30.0
66 57 48.0
66 58 68.0
66 59 86.0
66 60 114.0
66 61 96.0
66 62 76.0
66 63 58.0
66 64 38.0
66 65 20.0
66 66 0.0
66 67 18.0
66 68 38.0
66 69 56.0
66 70 143.0
66 71 125.0
66 72 105.0
66 73 87.0
66 74 67.0
66 75 49.0
66 76 29.0
66 77 47.0
66 78 67.0
66 79 85.0
67 0 309.0
67 1 291.0
67 2 271.0
67 3 253.0
67 4 233.0
67 5 215.0
67 6 195.0
67 7 177.0
67 8 197.0
67 9 215.0
67 10 280.0
67 11 262.0
67 12 242.0
67 13 224.0
67 14 204.0
67 15 186.0
67 16 166.0
67 17 148.0
67 18 168.0
67 19 186.0
67 20 250.0
67 21 232.0
67 22 212.0
67 23 194.0
67 24 174.0
67 25 156.0
67 26 136.0
67 27 118.0
67 28 138.0
67 29 156.0
67 30 221.0
67 31 203.0
67 32 183.0
67 33 165.0
67 34 145.0
67 35 127.0
67 36 107.0
67 37 89.0
67 38 109.0
67 39 127.0
67 40 191.0
67 41 173.0
67 42 153.0
67 43 135.0
67 44 115.0
67 45 97.0
67 46 77.0
67 47 59.0
67 48 79.0
67 49 97.0
67 50 162.0
67 51 144.0
67 52 124.0
67 53 106.0
67 54 86.0
67 55 68.0
67 56 48.0
67 57 30.0
67 58 50.0
67 59 68.0
67 60 132.0
67 61 114.0
67 62 94.0
67 63 76.0
67 64 56.0
67 65 38.0
67 66 18.0
67 67 0.0
67 68 20.0
67 69 38.0
67 70 161.0
67 71 143.0
67 72 123.0
67 73 105.0
67 74 85.0
67 75 67.0
67 76 47.0
67 77 29.0
67 78 49.0
67 79 67.0
68 0 329.0
68 1 311.0
68 2 291.0
68 3 273.0
68 4 253.0
68 5 235.0
68 6 215.0
68 7 197.0
68 8 177.0
68 9 195.0
68 10 300.0
68 11 282.0
68 12 262.0
68 13 244.0
68 14 224.0
68 15 206.0
68 16 186.0
68 17 168.0
68 18 148.0
68 19 166.0
68 20 270.0
68 21 252.0
68 22 232.0
68 23 214.0
68 24 194.0
68 25 176.0
68 26 156.0
68 27 138.0
68 28 118.0
68 29 136.0
68 30 241.0
68 31 223.0
68 32 203.0
68 33 185.0
68 34 165.0
68 35 147.0
68 36 127.0
68 37 109.0
68 38 89.0
68 39 107.0
68 40 211.0
68 41 193.0
68 42 173.0
68 43 155.0
68 44 135.0
68 45 117.0
68 46 97.0
68 47 79.0
68 48 59.0
68 49 77.0
68 50 182.0
68 51 164.0
68 52 144.0
68 53 126.0
68 54 106.0
68 55 88.0
68 56 68.0
68 57 50.0
68 58 30.0
68 59 48.0
68 60 152.0
68 61 134.0
68 62 114.0
68 63 96.0
68 64 76.0
68 65 58.0
68 66 38.0
68 67 20.0
68 68 0.0
68 69 18.0
68 70 181.0
68 71 163.0
68 72 143.0
68 73 125.0
68 74 105.0
68 75 87.0
68 76 67.0
68 77 49.0
68 78 29.0
68 79 47.0
69 0 347.0
69 1 329.0
69 2 309.0
69 3 291.0
69 4 271.0
69 5 253.0
69 6 233.0
69 7 215.0
69 8 195.0
69 9 177.0
69 10 318.0
69 11 300.0
69 12 280.0
69 13 262.0
69 14 242.0
69 15 224.0
69 16 204.0
69 17 186.0
69 18 166.0
69 19 148.0
69 20 288.0
69 21 270.0
69 22 250.0
69 23 232.0
69 24 212.0
69 25 194.0
69 26 174.0
69 27 156.0
69 28 136.0
69 29 118.0
69 30 259.0
69 31 241.0
69 32 221.0
69 33 203.0
69 34 183.0
69 35 165.0
69 36 145.0
69 37 127.0
69 38 107.0
69 39 89.0
69 40 229.0
69 41 211.0
69 42 191.0
69 43 173.0
69 44 153.0
69 45 135.0
69 46 115.0
69 47 97.0
69 48 77.0
69 49 59.0
69 50 200.0
69 51 182.0
69 52 162.0
69 53 144.0
69 54 124.0
69 55 106.0
69 56 86.0
69 57 68.0
69 58 48.0
69 59 30.0
69 60 170.0
69 61 152.0
69 62 132.0
69 63 114.0
69 64 94.0
69 65 76.0
69 66 56.0
69 67 38.0
69 68 18.0
69 69 0.0
69 70 199.0
69 71 181.0
69 72 161.0
69 73 143.0
69 74 123.0
69 75 105.0
69 76 85.0
69 77 67.0
69 78 47.0
69 79 29.0
70 0 206.0
70 1 224.0
70 2 244.0
70 3 262.0
70 4 282.0
70 5 300.0
70 6 320.0
70 7 338.0
70 8 358.0
70 9 376.0
70 10 177.0
70 11 195.0
70 12 215.0
70 13 233.0
70 14 253.0
70 15 271.0
70 16 291.0
70 17 309.0
70 18 329.0
70 19 347.0
70 20 147.0
70 21 165.0
70 22 185.0
70 23 203.0
70 24 223.0
70 25 241.0
70 26 261.0
70 27 279.0
70 28 299.0
70 29 317.0
70 30 118.0
70 31 136.0
70 32 156.0
70 33 174.0
70 34 194.0
70 35 212.0
70 36 232.0
70 37 250.0
70 38 270.0
70 39 288.0
70 40 88.0
70 41 106.0
70 42 126.0
70 43 144.0
70 44 164.0
70 45 182.0
70 46 202.0
70 47 220.0
70 48 240.0
70 49 258.0
70 50 59.0
70 51 77.0
70 52 97.0
70 53 115.0
70 54 135.0
70 55 153.0
70 56 173.0
70 57 191.0
70 58 211.0
70 59 229.0
70 60 29.0
70 61 47.0
70 62 67.0
70 63 85.0
70 64 105.0
70 65 123.0
70 66 143.0
70 67 161.0
70 68 181.0
70 69 199.0
70 70 0.0
70 71 18.0
70 72 38.0
70 73 56.0
70 74 76.0
70 75 94.0
70 76 114.0
70 77 132.0
70 78 152.0
70 79 170.0
71 0 224.0
71 1 206.0
71 2 226.0
71 3 244.0
71 4 264.0
71 5 282.0
71 6 302.0
71 7 320.0
71 8 340.0
71 9 358.0
71 10 195.0
71 11 177.0
71 12 197.0
71 13 215.0
71 14 235.0
71 15 253.0
71 16 273.0
71 17 291.0
71 18 311.0
71 19 329.0
71 20 165.0
71 21 147.0
71 22 167.0
71 23 185.0
71 24 205.0
71 25 223.0
71 26 243.0
71 27 261.0
71 28 281.0
71 29 299.0
71 30 136.0
71 31 118.0
71 32 138.0
71 33 156.0
71 34 176.0
71 35 194.0
71 36 214.0
71 37 232.0
71 38 252.0
71 39 270.0
71 40 106.0
71 41 88.0
71 42 108.0
71 43 126.0
71 44 146.0
71 45 164.0
71 46 184.0
71 47 202.0
71 48 222.0
71 49 240.0
71 50 77.0
71 51 59.0
71 52 79.0
71 53 97.0
71 54 117.0
71 55 135.0
71 56 155.0
71 57 173.0
71 58 193.0
71 59 211.0
71 60 47.0
71 61 29.0
71 62 49.0
71 63 67.0
71 64 87.0
71 65 105.0
71 66 125.0
71 67 143.0
71 68 163.0
71 69 181.0
71 70 18.0
71 71 0.0
71 72 20.0
71 73 38.0
71 74 58.0
71 75 76.0
71 76 96.0
71 77 114.0
71 78 134.0
71 79 152.0
72 0 244.0
72 1 226.0
72 2 206.0
72 3 224.0
72 4 244.0
72 5 262.0
72 6 282.0
72 7 300.0
72 8 320.0
72 9 338.0
72 10 215.0
72 11 197.0
72 12 177.0
72 13 195.0
72 14 215.0
72 15 233.0
72 16 253.0
72 17 271.0
72 18 291.0
72 19 309.0
72 20 185.0
72 21 167.0
72 22 147.0
72 23 165.0
72 24 185.0
72 25 203.0
72 26 223.0
72 27 241.0
72 28 261.0
72 29 279.0
72 30 156.0
72 31 138.0
72 32 118.0
72 33 136.0
72 34 156.0
72 35 174.0
72 36 194.0
72 37 212.0
72 38 232.0
72 39 250.0
72 40 126.0
72 41 108.0
72 42 88.0
72 43 106.0
72 44 126.0
72 45 144.0
72 46 164.0
72 47 182.0
72 48 202.0
72 49 220.0
72 50 97.0
72 51 79.0
72 52 59.0
72 53 77.0
72 54 97.0
72 55 115.0
72 56 135.0
72 57 153.0
72 58 173.0
72 59 191.0
72 60 67.0
72 61 49.0
72 62 29.0
72 63 47.0
72 64 67.0
72 65 85.0
72 66 105.0
72 67 123.0
72 68 143.0
72 69 161.0
72 70 38.0
72 71 20.0
72 72 0.0
72 73 18.0
72 74 38.0
72 75 56.0
72 76 76.0
72 77 94.0
72 78 114.0
72 79 132.0
73 0 262.0
73 1 244.0
73 2 224.0
73 3 206.0
73 4 226.0
73 5 244.0
73 6 264.0
73 7 282.0
73 8 302.0
73 9 320.0
73 10 233.0
73 11 215.0
73 12 195.0
73 13 177.0
73 14 197.0
73 15 215.0
73 16 235.0
73 17 253.0
73 18 273.0
73 19 291.0
73 20 203.0
73 21 185.0
73 22 165.0
73 23 147.0
73 24 167.0
73 25 185.0
73 26 205.0
73 27 223.0
73 28 243.0
73 29 261.0
73 30 174.0
73 31 156.0
73 32 136.0
73 33 118.0
73 34 138.0
73 35 156.0
73 36 176.0
73 37 194.0
73 38 214.0
73 39 232.0
73 40 144.0
73 41 126.0
73 42 106.0
73 43 88.0
73 44 108.0
73 45 126.0
73 46 146.0
73 47 164.0
73 48 184.0
73 49 202.0
73 50 115.0
73 51 97.0
73 52 77.0
73 53 59.0
73 54 79.0
73 55 97.0
73 56 117.0
73 57 135.0
73 58 155.0
73 59 173.0
73 60 85.0
73 61 67.0
73 62 47.0
73 63 29.0
73 64 49.0
73 65 67.0
73 66 87.0
73 67 105.0
73 68 125.0
73 69 143.0
73 70 56.0
73 71 38.0
73 72 18.0
73 73 0.0
73 74 20.0
73 75 38.0
73 76 58.0
73 77 76.0
73 78 96.0
73 79 114.0
74 0 282.0
74 1 264.0
74 2 244.0
74 3 226.0
74 4 206.0
74 5 224.0
74 6 244.0
74 7 262.0
74 8 282.0
74 9 300.0
74 10 253.0
74 11 235.0
74 12 215.0
74 13 197.0
74 14 177.0
74 15 195.0
74 16 215.0
74 17 233.0
74 18 253.0
74 19 271.0
74 20 223.0
74 21 205.0
74 22 185.0
74 23 167.0
74 24 147.0
74 25 165.0
74 26 185.0
74 27 203.0
74 28 223.0
74 29 241.0
74 30 194.0
74 31 176.0
74 32 156.0
74 33 138.0
74 34 118.0
74 35 136.0
74 36 156.0
74 37 174.0
74 38 194.0
74 39 212.0
74 40 164.0
74 41 146.0
74 42 126.0
74 43 108.0
74 44 88.0
74 45 106.0
74 46 126.0
74 47 144.0
74 48 164.0
74 49 182.0
74 50 135.0
74 51 117.0
74 52 97.0
74 53 79.0
74 54 59.0
74 55 77.0
74 56 97.0
74 57 115.0
74 58 135.0
74 59 153.0
74 60 105.0
74 61 87.0
74 62 67.0
74 63 49.0
74 64 29.0
74 65 47.0
74 66 67.0
74 67 85.0
74 68 105.0
74 69 123.0
74 70 76.0
74 71 58.0
74 72 38.0
74 73 20.0
74 74 0.0
74 75 18.0
74 76 38.0
74 77 56.0
74 78 76.0
74 79 94.0
75 0 300.0
75 1 282.0
75 2 262.0
75 3 244.0
75 4 224.0
75 5 206.0
75 6 226.0
75 7 244.0
75 8 264.0
75 9 282.0
75 10 271.0
75 11 253.0
75 12 233.0
75 13 215.0
75 14 195.0
75 15 177.0
75 16 197.0
75 17 215.0
75 18 235.0
75 19 253.0
75 20 241.0
75 21 223.0
75 22 203.0
75 23 185.0
75 24 165.0
75 25 147.0
75 26 167.0
75 27 185.0
75 28 205.0
75 29 223.0
75 30 212.0
75 31 194.0
75 32 174.0
75 33 156.0
75 34 136.0
75 35 118.0
75 36 138.0
75 37 156.0
75 38 176.0
75 39 194.0
75 40 182.0
75 41 164.0
75 42 144.0
75 43 126.0
75 44 106.0
75 45 88.0
75 46 108.0
75 47 126.0
75 48 146.0
75 49 164.0
75 50 153.0
75 51 135.0
75 52 115.0
75 53 97.0
75 54 77.0
75 55 59.0
75 56 79.0
75 57 97.0
75 58 117.0
75 59 135.0
75 60 123.0
75 61 105.0
75 62 85.0
75 63 67.0
75 64 47.0
75 65 29.0
75 66 49.0
75 67 67.0
75 68 87.0
75 69 105.0
75 70 94.0
75 71 76.0
75 72 56.0
75 73 38.0
75 74 18.0
75 75 0.0
75 76 20.0
75 77 38.0
75 78 58.0
75 79 76.0
76 0 320.0
76 1 302.0
76 2 282.0
76 3 264.0
76 4 244.0
76 5 226.0
76 6 206.0
76 7 224.0
76 8 244.0
76 9 262.0
76 10 291.0
76 11 273.0
76 12 253.0
76 13 235.0
76 14 215.0
76 15 197.0
76 16 177.0
76 17 195.0
76 18 215.0
76 19 233.0
76 20 261.0
76 21 243.0
76 22 223.0
76 23 205.0
76 24 185.0
76 25 167.0
76 26 147.0
76 27 165.0
76 28 185.0
76 29 203.0
76 30 232.0
76 31 214.0
76 32 194.0
76 33 176.0
76 34 156.0
76 35 138.0
76 36 118.0
76 37 136.0
76 38 156.0
76 39 174.0
76 40 202.0
76 41 184.0
76 42 164.0
76 43 146.0
76 44 126.0
76 45 108.0
76 46 88.0
76 47 106.0
76 48 126.0
76 49 144.0
76 50 173.0
76 51 155.0
76 52 135.0
76 53 117.0
76 54 97.0
76 55 79.0
76 56 59.0
76 57 77.0
76 58 97.0
76 59 115.0
76 60 143.0
76 61 125.0
76 62 105.0
76 63 87.0
76 64 67.0
76 65 49.0
76 66 29.0
76 67 47.0
76 68 67.0
76 69 85.0
76 70 114.0
76 71 96.0
76 72 76.0
76 73 58.0
76 74 38.0
76 75 20.0
76 76 0.0
76 77 18.0
76 78 38.0
76 79 56.0
77 0 338.0
77 1 320.0
77 2 300.0
77 3 282.0
77 4 262.0
77 5 244.0
77 6 224.0
77 7 206.0
77 8 226.0
77 9 244.0
77 10 309.0
77 11 291.0
77 12 271.0
77 13 253.0
77 14 233.0
77 15 215.0
77 16 195.0
77 17 177.0
77 18 197.0
77 19 215.0
77 20 279.0
77 21 261.0
77 22 241.0
77 23 223.0
77 24 203.0
77 25 185.0
77 26 165.0
77 27 147.0
77 28 167.0
77 29 185.0
77 30 250.0
77 31 232.0
77 32 212.0
77 33 194.0
77 34 174.0
77 35 156.0
77 36 136.0
77 37 118.0
77 38 138.0
77 39 156.0
77 40 220.0
77 41 202.0
77 42 182.0
77 43 164.0
77 44 144.0
77 45 126.0
77 46 106.0
77 47 88.0
77 48 108.0
77 49 126.0
77 50 191.0
77 51 173.0
77 52 153.0
77 53 135.0
77 54 115.0
77 55 97.0
77 56 77.0
77 57 59.0
77 58 79.0
77 59 97.0
77 60 161.0
77 61 143.0
77 62 123.0
77 63 105.0
77 64 85.0
77 65 67.0
77 66 47.0
77 67 29.0
77 68 49.0
77 69 67.0
77 70 132.0
77 71 114.0
77 72 94.0
77 73 76.0
77 74 56.0
77 75 38.0
77 76 18.0
77 77 0.0
77 78 20.0
77 79 38.0
78 0 358.0
78 1 340.0
78 2 320.0
78 3 302.0
78 4 282.0
78 5 264.0
78 6 244.0
78 7 226.0
78 8 206.0
78 9 224.0
78 10 329.0
78 11 311.0
78 12 291.0
78 13 273.0
78 14 253.0
78 15 235.0
78 16 215.0
78 17 197.0
78 18 177.0
78 19 195.0
78 20 299.0
78 21 281.0
78 22 261.0
78 23 243.0
78 24 223.0
78 25 205.0
78 26 185.0
78 27 167.0
78 28 147.0
78 29 165.0
78 30 270.0
78 31 252.0
78 32 232.0
78 33 214.0
78 34 194.0
78 35 176.0
78 36 156.0
78 37 138.0
78 38 118.0
78 39 136.0
78 40 240.0
78 41 222.0
78 42 202.0
78 43 184.0
78 44 164.0
78 45 146.0
78 46 126.0
78 47 108.0
78 48 88.0
78 49 106.0
78 50 211.0
78 51 193.0
78 52 173.0
78 53 155.0
78 54 135.0
78 55 117.0
78 56 97.0
78 57 79.0
78 58 59.0
78 59 77.0
78 60 181.0
78 61 163.0
78 62 143.0
78 63 125.0
78 64 105.0
78 65 87.0
78 66 67.0
78 67 49.0
78 68 29.0
78 69 47.0
78 70 152.0
78 71 134.0
78 72 114.0
78 73 96.0
78 74 76.0
78 75 58.0
78 76 38.0
78 77 20.0
78 78 0.0
78 79 18.0
79 0 376.0
79 1 358.0
79 2 338.0
79 3 320.0
79 4 300.0
79 5 282.0
79 6 262.0
79 7 244.0
79 8 224.0
79 9 206.0
79 10 347.0
79 11 329.0
79 12 309.0
79 13 291.0
79 14 271.0
79 15 253.0
79 16 233.0
79 17 215.0
79 18 195.0
79 19 177.0
79 20 317.0
79 21 299.0
79 22 279.0
79 23 261.0
79 24 241.0
79 25 223.0
79 26 203.0
79 27 185.0
79 28 165.0
79 29 147.0
79 30 288.0
79 31 270.0
79 32 250.0
79 33 232.0
79 34 212.0
79 35 194.0
79 36 174.0
79 37 156.0
79 38 136.0
79 39 118.0
79 40 258.0
79 41 240.0
79 42 220.0
79 43 202.0
79 44 182.0
79 45 164.0
79 46 144.0
79 47 126.0
79 48 106.0
79 49 88.0
79 50 229.0
79 51 211.0
79 52 191.0
79 53 173.0
79 54 153.0
79 55 135.0
79 56 115.0
79 57 97.0
79 58 77.0
79 59 59.0
79 60 199.0
79 61 181.0
79 62 161.0
79 63 143.0
79 64 123.0
79 65 105.0
79 66 85.0
79 67 67.0
79 68 47.0
79 69 29.0
79 70 170.0
79 71 152.0
79 72 132.0
79 73 114.0
79 74 94.0
79 75 76.0
79 76 56.0
79 77 38.0
79 78 18.0
79 79 0.0
