90 
27 
27
2 2 2 2 16 16 16 16 16 16 2 2 2 2 16 16 16 16 16 16 2 2 2 2 16 16 2 2 2 2 2 2 2 2 16 16 2 2 2 2 2 2 11 11 11 11 11 2 2 2 2 1 10 10 10 10 10 1 1 1 1 1 10 10 10 10 10 1 1 1 1 1 1 1 1 1 1 1 1 1 1 1 1 1 1 1 1 1 1 1 
0 0 0
0 1 18
0 2 38
0 3 56
0 4 76
0 5 94
0 6 114
0 7 132
0 8 152
0 9 170
0 10 25
0 11 43
0 12 63
0 13 81
0 14 101
0 15 119
0 16 139
0 17 157
0 18 177
0 19 195
0 20 51
0 21 69
0 22 89
0 23 107
0 24 127
0 25 145
0 26 165
0 27 183
0 28 203
0 29 221
0 30 77
0 31 95
0 32 115
0 33 133
0 34 153
0 35 171
0 36 191
0 37 209
0 38 229
0 39 247
0 40 103
0 41 121
0 42 141
0 43 159
0 44 179
0 45 197
0 46 217
0 47 235
0 48 255
0 49 273
0 50 129
0 51 147
0 52 167
0 53 185
0 54 205
0 55 223
0 56 243
0 57 261
0 58 281
0 59 299
0 60 155
0 61 173
0 62 193
0 63 211
0 64 231
0 65 249
0 66 269
0 67 287
0 68 307
0 69 325
0 70 181
0 71 199
0 72 219
0 73 237
0 74 257
0 75 275
0 76 295
0 77 313
0 78 333
0 79 351
0 80 206
0 81 224
0 82 244
0 83 262
0 84 282
0 85 300
0 86 320
0 87 338
0 88 358
0 89 376
1 0 18
1 1 0
1 2 20
1 3 38
1 4 58
1 5 76
1 6 96
1 7 114
1 8 134
1 9 152
1 10 43
1 11 25
1 12 45
1 13 63
1 14 83
1 15 101
1 16 121
1 17 139
1 18 159
1 19 177
1 20 69
1 21 51
1 22 71
1 23 89
1 24 109
1 25 127
1 26 147
1 27 165
1 28 185
1 29 203
1 30 95
1 31 77
1 32 97
1 33 115
1 34 135
1 35 153
1 36 173
1 37 191
1 38 211
1 39 229
1 40 121
1 41 103
1 42 123
1 43 141
1 44 161
1 45 179
1 46 199
1 47 217
1 48 237
1 49 255
1 50 147
1 51 129
1 52 149
1 53 167
1 54 187
1 55 205
1 56 225
1 57 243
1 58 263
1 59 281
1 60 173
1 61 155
1 62 175
1 63 193
1 64 213
1 65 231
1 66 251
1 67 269
1 68 289
1 69 307
1 70 199
1 71 181
1 72 201
1 73 219
1 74 239
1 75 257
1 76 277
1 77 295
1 78 315
1 79 333
1 80 224
1 81 206
1 82 226
1 83 244
1 84 264
1 85 282
1 86 302
1 87 320
1 88 340
1 89 358
2 0 38
2 1 20
2 2 0
2 3 18
2 4 38
2 5 56
2 6 76
2 7 94
2 8 114
2 9 132
2 10 63
2 11 45
2 12 25
2 13 43
2 14 63
2 15 81
2 16 101
2 17 119
2 18 139
2 19 157
2 20 89
2 21 71
2 22 51
2 23 69
2 24 89
2 25 107
2 26 127
2 27 145
2 28 165
2 29 183
2 30 115
2 31 97
2 32 77
2 33 95
2 34 115
2 35 133
2 36 153
2 37 171
2 38 191
2 39 209
2 40 141
2 41 123
2 42 103
2 43 121
2 44 141
2 45 159
2 46 179
2 47 197
2 48 217
2 49 235
2 50 167
2 51 149
2 52 129
2 53 147
2 54 167
2 55 185
2 56 205
2 57 223
2 58 243
2 59 261
2 60 193
2 61 175
2 62 155
2 63 173
2 64 193
2 65 211
2 66 231
2 67 249
2 68 269
2 69 287
2 70 219
2 71 201
2 72 181
2 73 199
2 74 219
2 75 237
2 76 257
2 77 275
2 78 295
2 79 313
2 80 244
2 81 226
2 82 206
2 83 224
2 84 244
2 85 262
2 86 282
2 87 300
2 88 320
2 89 338
3 0 56
3 1 38
3 2 18
3 3 0
3 4 20
3 5 38
3 6 58
3 7 76
3 8 96
3 9 114
3 10 81
3 11 63
3 12 43
3 13 25
3 14 45
3 15 63
3 16 83
3 17 101
3 18 121
3 19 139
3 20 107
3 21 89
3 22 69
3 23 51
3 24 71
3 25 89
3 26 109
3 27 127
3 28 147
3 29 165
3 30 133
3 31 115
3 32 95
3 33 77
3 34 97
3 35 115
3 36 135
3 37 153
3 38 173
3 39 191
3 40 159
3 41 141
3 42 121
3 43 103
3 44 123
3 45 141
3 46 161
3 47 179
3 48 199
3 49 217
3 50 185
3 51 167
3 52 147
3 53 129
3 54 149
3 55 167
3 56 187
3 57 205
3 58 225
3 59 243
3 60 211
3 61 193
3 62 173
3 63 155
3 64 175
3 65 193
3 66 213
3 67 231
3 68 251
3 69 269
3 70 237
3 71 219
3 72 199
3 73 181
3 74 201
3 75 219
3 76 239
3 77 257
3 78 277
3 79 295
3 80 262
3 81 244
3 82 224
3 83 206
3 84 226
3 85 244
3 86 264
3 87 282
3 88 302
3 89 320
4 0 76
4 1 58
4 2 38
4 3 20
4 4 0
4 5 18
4 6 38
4 7 56
4 8 76
4 9 94
4 10 101
4 11 83
4 12 63
4 13 45
4 14 25
4 15 43
4 16 63
4 17 81
4 18 101
4 19 119
4 20 127
4 21 109
4 22 89
4 23 71
4 24 51
4 25 69
4 26 89
4 27 107
4 28 127
4 29 145
4 30 153
4 31 135
4 32 115
4 33 97
4 34 77
4 35 95
4 36 115
4 37 133
4 38 153
4 39 171
4 40 179
4 41 161
4 42 141
4 43 123
4 44 103
4 45 121
4 46 141
4 47 159
4 48 179
4 49 197
4 50 205
4 51 187
4 52 167
4 53 149
4 54 129
4 55 147
4 56 167
4 57 185
4 58 205
4 59 223
4 60 231
4 61 213
4 62 193
4 63 175
4 64 155
4 65 173
4 66 193
4 67 211
4 68 231
4 69 249
4 70 257
4 71 239
4 72 219
4 73 201
4 74 181
4 75 199
4 76 219
4 77 237
4 78 257
4 79 275
4 80 282
4 81 264
4 82 244
4 83 226
4 84 206
4 85 224
4 86 244
4 87 262
4 88 282
4 89 300
5 0 94
5 1 76
5 2 56
5 3 38
5 4 18
5 5 0
5 6 20
5 7 38
5 8 58
5 9 76
5 10 119
5 11 101
5 12 81
5 13 63
5 14 43
5 15 25
5 16 45
5 17 63
5 18 83
5 19 101
5 20 145
5 21 127
5 22 107
5 23 89
5 24 69
5 25 51
5 26 71
5 27 89
5 28 109
5 29 127
5 30 171
5 31 153
5 32 133
5 33 115
5 34 95
5 35 77
5 36 97
5 37 115
5 38 135
5 39 153
5 40 197
5 41 179
5 42 159
5 43 141
5 44 121
5 45 103
5 46 123
5 47 141
5 48 161
5 49 179
5 50 223
5 51 205
5 52 185
5 53 167
5 54 147
5 55 129
5 56 149
5 57 167
5 58 187
5 59 205
5 60 249
5 61 231
5 62 211
5 63 193
5 64 173
5 65 155
5 66 175
5 67 193
5 68 213
5 69 231
5 70 275
5 71 257
5 72 237
5 73 219
5 74 199
5 75 181
5 76 201
5 77 219
5 78 239
5 79 257
5 80 300
5 81 282
5 82 262
5 83 244
5 84 224
5 85 206
5 86 226
5 87 244
5 88 264
5 89 282
6 0 114
6 1 96
6 2 76
6 3 58
6 4 38
6 5 20
6 6 0
6 7 18
6 8 38
6 9 56
6 10 139
6 11 121
6 12 101
6 13 83
6 14 63
6 15 45
6 16 25
6 17 43
6 18 63
6 19 81
6 20 165
6 21 147
6 22 127
6 23 109
6 24 89
6 25 71
6 26 51
6 27 69
6 28 89
6 29 107
6 30 191
6 31 173
6 32 153
6 33 135
6 34 115
6 35 97
6 36 77
6 37 95
6 38 115
6 39 133
6 40 217
6 41 199
6 42 179
6 43 161
6 44 141
6 45 123
6 46 103
6 47 121
6 48 141
6 49 159
6 50 243
6 51 225
6 52 205
6 53 187
6 54 167
6 55 149
6 56 129
6 57 147
6 58 167
6 59 185
6 60 269
6 61 251
6 62 231
6 63 213
6 64 193
6 65 175
6 66 155
6 67 173
6 68 193
6 69 211
6 70 295
6 71 277
6 72 257
6 73 239
6 74 219
6 75 201
6 76 181
6 77 199
6 78 219
6 79 237
6 80 320
6 81 302
6 82 282
6 83 264
6 84 244
6 85 226
6 86 206
6 87 224
6 88 244
6 89 262
7 0 132
7 1 114
7 2 94
7 3 76
7 4 56
7 5 38
7 6 18
7 7 0
7 8 20
7 9 38
7 10 157
7 11 139
7 12 119
7 13 101
7 14 81
7 15 63
7 16 43
7 17 25
7 18 45
7 19 63
7 20 183
7 21 165
7 22 145
7 23 127
7 24 107
7 25 89
7 26 69
7 27 51
7 28 71
7 29 89
7 30 209
7 31 191
7 32 171
7 33 153
7 34 133
7 35 115
7 36 95
7 37 77
7 38 97
7 39 115
7 40 235
7 41 217
7 42 197
7 43 179
7 44 159
7 45 141
7 46 121
7 47 103
7 48 123
7 49 141
7 50 261
7 51 243
7 52 223
7 53 205
7 54 185
7 55 167
7 56 147
7 57 129
7 58 149
7 59 167
7 60 287
7 61 269
7 62 249
7 63 231
7 64 211
7 65 193
7 66 173
7 67 155
7 68 175
7 69 193
7 70 313
7 71 295
7 72 275
7 73 257
7 74 237
7 75 219
7 76 199
7 77 181
7 78 201
7 79 219
7 80 338
7 81 320
7 82 300
7 83 282
7 84 262
7 85 244
7 86 224
7 87 206
7 88 226
7 89 244
8 0 152
8 1 134
8 2 114
8 3 96
8 4 76
8 5 58
8 6 38
8 7 20
8 8 0
8 9 18
8 10 177
8 11 159
8 12 139
8 13 121
8 14 101
8 15 83
8 16 63
8 17 45
8 18 25
8 19 43
8 20 203
8 21 185
8 22 165
8 23 147
8 24 127
8 25 109
8 26 89
8 27 71
8 28 51
8 29 69
8 30 229
8 31 211
8 32 191
8 33 173
8 34 153
8 35 135
8 36 115
8 37 97
8 38 77
8 39 95
8 40 255
8 41 237
8 42 217
8 43 199
8 44 179
8 45 161
8 46 141
8 47 123
8 48 103
8 49 121
8 50 281
8 51 263
8 52 243
8 53 225
8 54 205
8 55 187
8 56 167
8 57 149
8 58 129
8 59 147
8 60 307
8 61 289
8 62 269
8 63 251
8 64 231
8 65 213
8 66 193
8 67 175
8 68 155
8 69 173
8 70 333
8 71 315
8 72 295
8 73 277
8 74 257
8 75 239
8 76 219
8 77 201
8 78 181
8 79 199
8 80 358
8 81 340
8 82 320
8 83 302
8 84 282
8 85 264
8 86 244
8 87 226
8 88 206
8 89 224
9 0 170
9 1 152
9 2 132
9 3 114
9 4 94
9 5 76
9 6 56
9 7 38
9 8 18
9 9 0
9 10 195
9 11 177
9 12 157
9 13 139
9 14 119
9 15 101
9 16 81
9 17 63
9 18 43
9 19 25
9 20 221
9 21 203
9 22 183
9 23 165
9 24 145
9 25 127
9 26 107
9 27 89
9 28 69
9 29 51
9 30 247
9 31 229
9 32 209
9 33 191
9 34 171
9 35 153
9 36 133
9 37 115
9 38 95
9 39 77
9 40 273
9 41 255
9 42 235
9 43 217
9 44 197
9 45 179
9 46 159
9 47 141
9 48 121
9 49 103
9 50 299
9 51 281
9 52 261
9 53 243
9 54 223
9 55 205
9 56 185
9 57 167
9 58 147
9 59 129
9 60 325
9 61 307
9 62 287
9 63 269
9 64 249
9 65 231
9 66 211
9 67 193
9 68 173
9 69 155
9 70 351
9 71 333
9 72 313
9 73 295
9 74 275
9 75 257
9 76 237
9 77 219
9 78 199
9 79 181
9 80 376
9 81 358
9 82 338
9 83 320
9 84 300
9 85 282
9 86 262
9 87 244
9 88 224
9 89 206
10 0 25
10 1 43
10 2 63
10 3 81
10 4 101
10 5 119
10 6 139
10 7 157
10 8 177
10 9 195
10 10 0
10 11 18
10 12 38
10 13 56
10 14 76
10 15 94
10 16 114
10 17 132
10 18 152
10 19 170
10 20 26
10 21 44
10 22 64
10 23 82
10 24 102
10 25 120
10 26 140
10 27 158
10 28 178
10 29 196
10 30 52
10 31 70
10 32 90
10 33 108
10 34 128
10 35 146
10 36 166
10 37 184
10 38 204
10 39 222
10 40 78
10 41 96
10 42 116
10 43 134
10 44 154
10 45 172
10 46 192
10 47 210
10 48 230
10 49 248
10 50 104
10 51 122
10 52 142
10 53 160
10 54 180
10 55 198
10 56 218
10 57 236
10 58 256
10 59 274
10 60 130
10 61 148
10 62 168
10 63 186
10 64 206
10 65 224
10 66 244
10 67 262
10 68 282
10 69 300
10 70 156
10 71 174
10 72 194
10 73 212
10 74 232
10 75 250
10 76 270
10 77 288
10 78 308
10 79 326
10 80 181
10 81 199
10 82 219
10 83 237
10 84 257
10 85 275
10 86 295
10 87 313
10 88 333
10 89 351
11 0 43
11 1 25
11 2 45
11 3 63
11 4 83
11 5 101
11 6 121
11 7 139
11 8 159
11 9 177
11 10 18
11 11 0
11 12 20
11 13 38
11 14 58
11 15 76
11 16 96
11 17 114
11 18 134
11 19 152
11 20 44
11 21 26
11 22 46
11 23 64
11 24 84
11 25 102
11 26 122
11 27 140
11 28 160
11 29 178
11 30 70
11 31 52
11 32 72
11 33 90
11 34 110
11 35 128
11 36 148
11 37 166
11 38 186
11 39 204
11 40 96
11 41 78
11 42 98
11 43 116
11 44 136
11 45 154
11 46 174
11 47 192
11 48 212
11 49 230
11 50 122
11 51 104
11 52 124
11 53 142
11 54 162
11 55 180
11 56 200
11 57 218
11 58 238
11 59 256
11 60 148
11 61 130
11 62 150
11 63 168
11 64 188
11 65 206
11 66 226
11 67 244
11 68 264
11 69 282
11 70 174
11 71 156
11 72 176
11 73 194
11 74 214
11 75 232
11 76 252
11 77 270
11 78 290
11 79 308
11 80 199
11 81 181
11 82 201
11 83 219
11 84 239
11 85 257
11 86 277
11 87 295
11 88 315
11 89 333
12 0 63
12 1 45
12 2 25
12 3 43
12 4 63
12 5 81
12 6 101
12 7 119
12 8 139
12 9 157
12 10 38
12 11 20
12 12 0
12 13 18
12 14 38
12 15 56
12 16 76
12 17 94
12 18 114
12 19 132
12 20 64
12 21 46
12 22 26
12 23 44
12 24 64
12 25 82
12 26 102
12 27 120
12 28 140
12 29 158
12 30 90
12 31 72
12 32 52
12 33 70
12 34 90
12 35 108
12 36 128
12 37 146
12 38 166
12 39 184
12 40 116
12 41 98
12 42 78
12 43 96
12 44 116
12 45 134
12 46 154
12 47 172
12 48 192
12 49 210
12 50 142
12 51 124
12 52 104
12 53 122
12 54 142
12 55 160
12 56 180
12 57 198
12 58 218
12 59 236
12 60 168
12 61 150
12 62 130
12 63 148
12 64 168
12 65 186
12 66 206
12 67 224
12 68 244
12 69 262
12 70 194
12 71 176
12 72 156
12 73 174
12 74 194
12 75 212
12 76 232
12 77 250
12 78 270
12 79 288
12 80 219
12 81 201
12 82 181
12 83 199
12 84 219
12 85 237
12 86 257
12 87 275
12 88 295
12 89 313
13 0 81
13 1 63
13 2 43
13 3 25
13 4 45
13 5 63
13 6 83
13 7 101
13 8 121
13 9 139
13 10 56
13 11 38
13 12 18
13 13 0
13 14 20
13 15 38
13 16 58
13 17 76
13 18 96
13 19 114
13 20 82
13 21 64
13 22 44
13 23 26
13 24 46
13 25 64
13 26 84
13 27 102
13 28 122
13 29 140
13 30 108
13 31 90
13 32 70
13 33 52
13 34 72
13 35 90
13 36 110
13 37 128
13 38 148
13 39 166
13 40 134
13 41 116
13 42 96
13 43 78
13 44 98
13 45 116
13 46 136
13 47 154
13 48 174
13 49 192
13 50 160
13 51 142
13 52 122
13 53 104
13 54 124
13 55 142
13 56 162
13 57 180
13 58 200
13 59 218
13 60 186
13 61 168
13 62 148
13 63 130
13 64 150
13 65 168
13 66 188
13 67 206
13 68 226
13 69 244
13 70 212
13 71 194
13 72 174
13 73 156
13 74 176
13 75 194
13 76 214
13 77 232
13 78 252
13 79 270
13 80 237
13 81 219
13 82 199
13 83 181
13 84 201
13 85 219
13 86 239
13 87 257
13 88 277
13 89 295
14 0 101
14 1 83
14 2 63
14 3 45
14 4 25
14 5 43
14 6 63
14 7 81
14 8 101
14 9 119
14 10 76
14 11 58
14 12 38
14 13 20
14 14 0
14 15 18
14 16 38
14 17 56
14 18 76
14 19 94
14 20 102
14 21 84
14 22 64
14 23 46
14 24 26
14 25 44
14 26 64
14 27 82
14 28 102
14 29 120
14 30 128
14 31 110
14 32 90
14 33 72
14 34 52
14 35 70
14 36 90
14 37 108
14 38 128
14 39 146
14 40 154
14 41 136
14 42 116
14 43 98
14 44 78
14 45 96
14 46 116
14 47 134
14 48 154
14 49 172
14 50 180
14 51 162
14 52 142
14 53 124
14 54 104
14 55 122
14 56 142
14 57 160
14 58 180
14 59 198
14 60 206
14 61 188
14 62 168
14 63 150
14 64 130
14 65 148
14 66 168
14 67 186
14 68 206
14 69 224
14 70 232
14 71 214
14 72 194
14 73 176
14 74 156
14 75 174
14 76 194
14 77 212
14 78 232
14 79 250
14 80 257
14 81 239
14 82 219
14 83 201
14 84 181
14 85 199
14 86 219
14 87 237
14 88 257
14 89 275
15 0 119
15 1 101
15 2 81
15 3 63
15 4 43
15 5 25
15 6 45
15 7 63
15 8 83
15 9 101
15 10 94
15 11 76
15 12 56
15 13 38
15 14 18
15 15 0
15 16 20
15 17 38
15 18 58
15 19 76
15 20 120
15 21 102
15 22 82
15 23 64
15 24 44
15 25 26
15 26 46
15 27 64
15 28 84
15 29 102
15 30 146
15 31 128
15 32 108
15 33 90
15 34 70
15 35 52
15 36 72
15 37 90
15 38 110
15 39 128
15 40 172
15 41 154
15 42 134
15 43 116
15 44 96
15 45 78
15 46 98
15 47 116
15 48 136
15 49 154
15 50 198
15 51 180
15 52 160
15 53 142
15 54 122
15 55 104
15 56 124
15 57 142
15 58 162
15 59 180
15 60 224
15 61 206
15 62 186
15 63 168
15 64 148
15 65 130
15 66 150
15 67 168
15 68 188
15 69 206
15 70 250
15 71 232
15 72 212
15 73 194
15 74 174
15 75 156
15 76 176
15 77 194
15 78 214
15 79 232
15 80 275
15 81 257
15 82 237
15 83 219
15 84 199
15 85 181
15 86 201
15 87 219
15 88 239
15 89 257
16 0 139
16 1 121
16 2 101
16 3 83
16 4 63
16 5 45
16 6 25
16 7 43
16 8 63
16 9 81
16 10 114
16 11 96
16 12 76
16 13 58
16 14 38
16 15 20
16 16 0
16 17 18
16 18 38
16 19 56
16 20 140
16 21 122
16 22 102
16 23 84
16 24 64
16 25 46
16 26 26
16 27 44
16 28 64
16 29 82
16 30 166
16 31 148
16 32 128
16 33 110
16 34 90
16 35 72
16 36 52
16 37 70
16 38 90
16 39 108
16 40 192
16 41 174
16 42 154
16 43 136
16 44 116
16 45 98
16 46 78
16 47 96
16 48 116
16 49 134
16 50 218
16 51 200
16 52 180
16 53 162
16 54 142
16 55 124
16 56 104
16 57 122
16 58 142
16 59 160
16 60 244
16 61 226
16 62 206
16 63 188
16 64 168
16 65 150
16 66 130
16 67 148
16 68 168
16 69 186
16 70 270
16 71 252
16 72 232
16 73 214
16 74 194
16 75 176
16 76 156
16 77 174
16 78 194
16 79 212
16 80 295
16 81 277
16 82 257
16 83 239
16 84 219
16 85 201
16 86 181
16 87 199
16 88 219
16 89 237
17 0 157
17 1 139
17 2 119
17 3 101
17 4 81
17 5 63
17 6 43
17 7 25
17 8 45
17 9 63
17 10 132
17 11 114
17 12 94
17 13 76
17 14 56
17 15 38
17 16 18
17 17 0
17 18 20
17 19 38
17 20 158
17 21 140
17 22 120
17 23 102
17 24 82
17 25 64
17 26 44
17 27 26
17 28 46
17 29 64
17 30 184
17 31 166
17 32 146
17 33 128
17 34 108
17 35 90
17 36 70
17 37 52
17 38 72
17 39 90
17 40 210
17 41 192
17 42 172
17 43 154
17 44 134
17 45 116
17 46 96
17 47 78
17 48 98
17 49 116
17 50 236
17 51 218
17 52 198
17 53 180
17 54 160
17 55 142
17 56 122
17 57 104
17 58 124
17 59 142
17 60 262
17 61 244
17 62 224
17 63 206
17 64 186
17 65 168
17 66 148
17 67 130
17 68 150
17 69 168
17 70 288
17 71 270
17 72 250
17 73 232
17 74 212
17 75 194
17 76 174
17 77 156
17 78 176
17 79 194
17 80 313
17 81 295
17 82 275
17 83 257
17 84 237
17 85 219
17 86 199
17 87 181
17 88 201
17 89 219
18 0 177
18 1 159
18 2 139
18 3 121
18 4 101
18 5 83
18 6 63
18 7 45
18 8 25
18 9 43
18 10 152
18 11 134
18 12 114
18 13 96
18 14 76
18 15 58
18 16 38
18 17 20
18 18 0
18 19 18
18 20 178
18 21 160
18 22 140
18 23 122
18 24 102
18 25 84
18 26 64
18 27 46
18 28 26
18 29 44
18 30 204
18 31 186
18 32 166
18 33 148
18 34 128
18 35 110
18 36 90
18 37 72
18 38 52
18 39 70
18 40 230
18 41 212
18 42 192
18 43 174
18 44 154
18 45 136
18 46 116
18 47 98
18 48 78
18 49 96
18 50 256
18 51 238
18 52 218
18 53 200
18 54 180
18 55 162
18 56 142
18 57 124
18 58 104
18 59 122
18 60 282
18 61 264
18 62 244
18 63 226
18 64 206
18 65 188
18 66 168
18 67 150
18 68 130
18 69 148
18 70 308
18 71 290
18 72 270
18 73 252
18 74 232
18 75 214
18 76 194
18 77 176
18 78 156
18 79 174
18 80 333
18 81 315
18 82 295
18 83 277
18 84 257
18 85 239
18 86 219
18 87 201
18 88 181
18 89 199
19 0 195
19 1 177
19 2 157
19 3 139
19 4 119
19 5 101
19 6 81
19 7 63
19 8 43
19 9 25
19 10 170
19 11 152
19 12 132
19 13 114
19 14 94
19 15 76
19 16 56
19 17 38
19 18 18
19 19 0
19 20 196
19 21 178
19 22 158
19 23 140
19 24 120
19 25 102
19 26 82
19 27 64
19 28 44
19 29 26
19 30 222
19 31 204
19 32 184
19 33 166
19 34 146
19 35 128
19 36 108
19 37 90
19 38 70
19 39 52
19 40 248
19 41 230
19 42 210
19 43 192
19 44 172
19 45 154
19 46 134
19 47 116
19 48 96
19 49 78
19 50 274
19 51 256
19 52 236
19 53 218
19 54 198
19 55 180
19 56 160
19 57 142
19 58 122
19 59 104
19 60 300
19 61 282
19 62 262
19 63 244
19 64 224
19 65 206
19 66 186
19 67 168
19 68 148
19 69 130
19 70 326
19 71 308
19 72 288
19 73 270
19 74 250
19 75 232
19 76 212
19 77 194
19 78 174
19 79 156
19 80 351
19 81 333
19 82 313
19 83 295
19 84 275
19 85 257
19 86 237
19 87 219
19 88 199
19 89 181
20 0 51
20 1 69
20 2 89
20 3 107
20 4 127
20 5 145
20 6 165
20 7 183
20 8 203
20 9 221
20 10 26
20 11 44
20 12 64
20 13 82
20 14 102
20 15 120
20 16 140
20 17 158
20 18 178
20 19 196
20 20 0
20 21 18
20 22 38
20 23 56
20 24 76
20 25 94
20 26 114
20 27 132
20 28 152
20 29 170
20 30 26
20 31 44
20 32 64
20 33 82
20 34 102
20 35 120
20 36 140
20 37 158
20 38 178
20 39 196
20 40 52
20 41 70
20 42 90
20 43 108
20 44 128
20 45 146
20 46 166
20 47 184
20 48 204
20 49 222
20 50 78
20 51 96
20 52 116
20 53 134
20 54 154
20 55 172
20 56 192
20 57 210
20 58 230
20 59 248
20 60 104
20 61 122
20 62 142
20 63 160
20 64 180
20 65 198
20 66 218
20 67 236
20 68 256
20 69 274
20 70 130
20 71 148
20 72 168
20 73 186
20 74 206
20 75 224
20 76 244
20 77 262
20 78 282
20 79 300
20 80 155
20 81 173
20 82 193
20 83 211
20 84 231
20 85 249
20 86 269
20 87 287
20 88 307
20 89 325
21 0 69
21 1 51
21 2 71
21 3 89
21 4 109
21 5 127
21 6 147
21 7 165
21 8 185
21 9 203
21 10 44
21 11 26
21 12 46
21 13 64
21 14 84
21 15 102
21 16 122
21 17 140
21 18 160
21 19 178
21 20 18
21 21 0
21 22 20
21 23 38
21 24 58
21 25 76
21 26 96
21 27 114
21 28 134
21 29 152
21 30 44
21 31 26
21 32 46
21 33 64
21 34 84
21 35 102
21 36 122
21 37 140
21 38 160
21 39 178
21 40 70
21 41 52
21 42 72
21 43 90
21 44 110
21 45 128
21 46 148
21 47 166
21 48 186
21 49 204
21 50 96
21 51 78
21 52 98
21 53 116
21 54 136
21 55 154
21 56 174
21 57 192
21 58 212
21 59 230
21 60 122
21 61 104
21 62 124
21 63 142
21 64 162
21 65 180
21 66 200
21 67 218
21 68 238
21 69 256
21 70 148
21 71 130
21 72 150
21 73 168
21 74 188
21 75 206
21 76 226
21 77 244
21 78 264
21 79 282
21 80 173
21 81 155
21 82 175
21 83 193
21 84 213
21 85 231
21 86 251
21 87 269
21 88 289
21 89 307
22 0 89
22 1 71
22 2 51
22 3 69
22 4 89
22 5 107
22 6 127
22 7 145
22 8 165
22 9 183
22 10 64
22 11 46
22 12 26
22 13 44
22 14 64
22 15 82
22 16 102
22 17 120
22 18 140
22 19 158
22 20 38
22 21 20
22 22 0
22 23 18
22 24 38
22 25 56
22 26 76
22 27 94
22 28 114
22 29 132
22 30 64
22 31 46
22 32 26
22 33 44
22 34 64
22 35 82
22 36 102
22 37 120
22 38 140
22 39 158
22 40 90
22 41 72
22 42 52
22 43 70
22 44 90
22 45 108
22 46 128
22 47 146
22 48 166
22 49 184
22 50 116
22 51 98
22 52 78
22 53 96
22 54 116
22 55 134
22 56 154
22 57 172
22 58 192
22 59 210
22 60 142
22 61 124
22 62 104
22 63 122
22 64 142
22 65 160
22 66 180
22 67 198
22 68 218
22 69 236
22 70 168
22 71 150
22 72 130
22 73 148
22 74 168
22 75 186
22 76 206
22 77 224
22 78 244
22 79 262
22 80 193
22 81 175
22 82 155
22 83 173
22 84 193
22 85 211
22 86 231
22 87 249
22 88 269
22 89 287
23 0 107
23 1 89
23 2 69
23 3 51
23 4 71
23 5 89
23 6 109
23 7 127
23 8 147
23 9 165
23 10 82
23 11 64
23 12 44
23 13 26
23 14 46
23 15 64
23 16 84
23 17 102
23 18 122
23 19 140
23 20 56
23 21 38
23 22 18
23 23 0
23 24 20
23 25 38
23 26 58
23 27 76
23 28 96
23 29 114
23 30 82
23 31 64
23 32 44
23 33 26
23 34 46
23 35 64
23 36 84
23 37 102
23 38 122
23 39 140
23 40 108
23 41 90
23 42 70
23 43 52
23 44 72
23 45 90
23 46 110
23 47 128
23 48 148
23 49 166
23 50 134
23 51 116
23 52 96
23 53 78
23 54 98
23 55 116
23 56 136
23 57 154
23 58 174
23 59 192
23 60 160
23 61 142
23 62 122
23 63 104
23 64 124
23 65 142
23 66 162
23 67 180
23 68 200
23 69 218
23 70 186
23 71 168
23 72 148
23 73 130
23 74 150
23 75 168
23 76 188
23 77 206
23 78 226
23 79 244
23 80 211
23 81 193
23 82 173
23 83 155
23 84 175
23 85 193
23 86 213
23 87 231
23 88 251
23 89 269
24 0 127
24 1 109
24 2 89
24 3 71
24 4 51
24 5 69
24 6 89
24 7 107
24 8 127
24 9 145
24 10 102
24 11 84
24 12 64
24 13 46
24 14 26
24 15 44
24 16 64
24 17 82
24 18 102
24 19 120
24 20 76
24 21 58
24 22 38
24 23 20
24 24 0
24 25 18
24 26 38
24 27 56
24 28 76
24 29 94
24 30 102
24 31 84
24 32 64
24 33 46
24 34 26
24 35 44
24 36 64
24 37 82
24 38 102
24 39 120
24 40 128
24 41 110
24 42 90
24 43 72
24 44 52
24 45 70
24 46 90
24 47 108
24 48 128
24 49 146
24 50 154
24 51 136
24 52 116
24 53 98
24 54 78
24 55 96
24 56 116
24 57 134
24 58 154
24 59 172
24 60 180
24 61 162
24 62 142
24 63 124
24 64 104
24 65 122
24 66 142
24 67 160
24 68 180
24 69 198
24 70 206
24 71 188
24 72 168
24 73 150
24 74 130
24 75 148
24 76 168
24 77 186
24 78 206
24 79 224
24 80 231
24 81 213
24 82 193
24 83 175
24 84 155
24 85 173
24 86 193
24 87 211
24 88 231
24 89 249
25 0 145
25 1 127
25 2 107
25 3 89
25 4 69
25 5 51
25 6 71
25 7 89
25 8 109
25 9 127
25 10 120
25 11 102
25 12 82
25 13 64
25 14 44
25 15 26
25 16 46
25 17 64
25 18 84
25 19 102
25 20 94
25 21 76
25 22 56
25 23 38
25 24 18
25 25 0
25 26 20
25 27 38
25 28 58
25 29 76
25 30 120
25 31 102
25 32 82
25 33 64
25 34 44
25 35 26
25 36 46
25 37 64
25 38 84
25 39 102
25 40 146
25 41 128
25 42 108
25 43 90
25 44 70
25 45 52
25 46 72
25 47 90
25 48 110
25 49 128
25 50 172
25 51 154
25 52 134
25 53 116
25 54 96
25 55 78
25 56 98
25 57 116
25 58 136
25 59 154
25 60 198
25 61 180
25 62 160
25 63 142
25 64 122
25 65 104
25 66 124
25 67 142
25 68 162
25 69 180
25 70 224
25 71 206
25 72 186
25 73 168
25 74 148
25 75 130
25 76 150
25 77 168
25 78 188
25 79 206
25 80 249
25 81 231
25 82 211
25 83 193
25 84 173
25 85 155
25 86 175
25 87 193
25 88 213
25 89 231
26 0 165
26 1 147
26 2 127
26 3 109
26 4 89
26 5 71
26 6 51
26 7 69
26 8 89
26 9 107
26 10 140
26 11 122
26 12 102
26 13 84
26 14 64
26 15 46
26 16 26
26 17 44
26 18 64
26 19 82
26 20 114
26 21 96
26 22 76
26 23 58
26 24 38
26 25 20
26 26 0
26 27 18
26 28 38
26 29 56
26 30 140
26 31 122
26 32 102
26 33 84
26 34 64
26 35 46
26 36 26
26 37 44
26 38 64
26 39 82
26 40 166
26 41 148
26 42 128
26 43 110
26 44 90
26 45 72
26 46 52
26 47 70
26 48 90
26 49 108
26 50 192
26 51 174
26 52 154
26 53 136
26 54 116
26 55 98
26 56 78
26 57 96
26 58 116
26 59 134
26 60 218
26 61 200
26 62 180
26 63 162
26 64 142
26 65 124
26 66 104
26 67 122
26 68 142
26 69 160
26 70 244
26 71 226
26 72 206
26 73 188
26 74 168
26 75 150
26 76 130
26 77 148
26 78 168
26 79 186
26 80 269
26 81 251
26 82 231
26 83 213
26 84 193
26 85 175
26 86 155
26 87 173
26 88 193
26 89 211
27 0 183
27 1 165
27 2 145
27 3 127
27 4 107
27 5 89
27 6 69
27 7 51
27 8 71
27 9 89
27 10 158
27 11 140
27 12 120
27 13 102
27 14 82
27 15 64
27 16 44
27 17 26
27 18 46
27 19 64
27 20 132
27 21 114
27 22 94
27 23 76
27 24 56
27 25 38
27 26 18
27 27 0
27 28 20
27 29 38
27 30 158
27 31 140
27 32 120
27 33 102
27 34 82
27 35 64
27 36 44
27 37 26
27 38 46
27 39 64
27 40 184
27 41 166
27 42 146
27 43 128
27 44 108
27 45 90
27 46 70
27 47 52
27 48 72
27 49 90
27 50 210
27 51 192
27 52 172
27 53 154
27 54 134
27 55 116
27 56 96
27 57 78
27 58 98
27 59 116
27 60 236
27 61 218
27 62 198
27 63 180
27 64 160
27 65 142
27 66 122
27 67 104
27 68 124
27 69 142
27 70 262
27 71 244
27 72 224
27 73 206
27 74 186
27 75 168
27 76 148
27 77 130
27 78 150
27 79 168
27 80 287
27 81 269
27 82 249
27 83 231
27 84 211
27 85 193
27 86 173
27 87 155
27 88 175
27 89 193
28 0 203
28 1 185
28 2 165
28 3 147
28 4 127
28 5 109
28 6 89
28 7 71
28 8 51
28 9 69
28 10 178
28 11 160
28 12 140
28 13 122
28 14 102
28 15 84
28 16 64
28 17 46
28 18 26
28 19 44
28 20 152
28 21 134
28 22 114
28 23 96
28 24 76
28 25 58
28 26 38
28 27 20
28 28 0
28 29 18
28 30 178
28 31 160
28 32 140
28 33 122
28 34 102
28 35 84
28 36 64
28 37 46
28 38 26
28 39 44
28 40 204
28 41 186
28 42 166
28 43 148
28 44 128
28 45 110
28 46 90
28 47 72
28 48 52
28 49 70
28 50 230
28 51 212
28 52 192
28 53 174
28 54 154
28 55 136
28 56 116
28 57 98
28 58 78
28 59 96
28 60 256
28 61 238
28 62 218
28 63 200
28 64 180
28 65 162
28 66 142
28 67 124
28 68 104
28 69 122
28 70 282
28 71 264
28 72 244
28 73 226
28 74 206
28 75 188
28 76 168
28 77 150
28 78 130
28 79 148
28 80 307
28 81 289
28 82 269
28 83 251
28 84 231
28 85 213
28 86 193
28 87 175
28 88 155
28 89 173
29 0 221
29 1 203
29 2 183
29 3 165
29 4 145
29 5 127
29 6 107
29 7 89
29 8 69
29 9 51
29 10 196
29 11 178
29 12 158
29 13 140
29 14 120
29 15 102
29 16 82
29 17 64
29 18 44
29 19 26
29 20 170
29 21 152
29 22 132
29 23 114
29 24 94
29 25 76
29 26 56
29 27 38
29 28 18
29 29 0
29 30 196
29 31 178
29 32 158
29 33 140
29 34 120
29 35 102
29 36 82
29 37 64
29 38 44
29 39 26
29 40 222
29 41 204
29 42 184
29 43 166
29 44 146
29 45 128
29 46 108
29 47 90
29 48 70
29 49 52
29 50 248
29 51 230
29 52 210
29 53 192
29 54 172
29 55 154
29 56 134
29 57 116
29 58 96
29 59 78
29 60 274
29 61 256
29 62 236
29 63 218
29 64 198
29 65 180
29 66 160
29 67 142
29 68 122
29 69 104
29 70 300
29 71 282
29 72 262
29 73 244
29 74 224
29 75 206
29 76 186
29 77 168
29 78 148
29 79 130
29 80 325
29 81 307
29 82 287
29 83 269
29 84 249
29 85 231
29 86 211
29 87 193
29 88 173
29 89 155
30 0 77
30 1 95
30 2 115
30 3 133
30 4 153
30 5 171
30 6 191
30 7 209
30 8 229
30 9 247
30 10 52
30 11 70
30 12 90
30 13 108
30 14 128
30 15 146
30 16 166
30 17 184
30 18 204
30 19 222
30 20 26
30 21 44
30 22 64
30 23 82
30 24 102
30 25 120
30 26 140
30 27 158
30 28 178
30 29 196
30 30 0
30 31 18
30 32 38
30 33 56
30 34 76
30 35 94
30 36 114
30 37 132
30 38 152
30 39 170
30 40 26
30 41 44
30 42 64
30 43 82
30 44 102
30 45 120
30 46 140
30 47 158
30 48 178
30 49 196
30 50 52
30 51 70
30 52 90
30 53 108
30 54 128
30 55 146
30 56 166
30 57 184
30 58 204
30 59 222
30 60 78
30 61 96
30 62 116
30 63 134
30 64 154
30 65 172
30 66 192
30 67 210
30 68 230
30 69 248
30 70 104
30 71 122
30 72 142
30 73 160
30 74 180
30 75 198
30 76 218
30 77 236
30 78 256
30 79 274
30 80 129
30 81 147
30 82 167
30 83 185
30 84 205
30 85 223
30 86 243
30 87 261
30 88 281
30 89 299
31 0 95
31 1 77
31 2 97
31 3 115
31 4 135
31 5 153
31 6 173
31 7 191
31 8 211
31 9 229
31 10 70
31 11 52
31 12 72
31 13 90
31 14 110
31 15 128
31 16 148
31 17 166
31 18 186
31 19 204
31 20 44
31 21 26
31 22 46
31 23 64
31 24 84
31 25 102
31 26 122
31 27 140
31 28 160
31 29 178
31 30 18
31 31 0
31 32 20
31 33 38
31 34 58
31 35 76
31 36 96
31 37 114
31 38 134
31 39 152
31 40 44
31 41 26
31 42 46
31 43 64
31 44 84
31 45 102
31 46 122
31 47 140
31 48 160
31 49 178
31 50 70
31 51 52
31 52 72
31 53 90
31 54 110
31 55 128
31 56 148
31 57 166
31 58 186
31 59 204
31 60 96
31 61 78
31 62 98
31 63 116
31 64 136
31 65 154
31 66 174
31 67 192
31 68 212
31 69 230
31 70 122
31 71 104
31 72 124
31 73 142
31 74 162
31 75 180
31 76 200
31 77 218
31 78 238
31 79 256
31 80 147
31 81 129
31 82 149
31 83 167
31 84 187
31 85 205
31 86 225
31 87 243
31 88 263
31 89 281
32 0 115
32 1 97
32 2 77
32 3 95
32 4 115
32 5 133
32 6 153
32 7 171
32 8 191
32 9 209
32 10 90
32 11 72
32 12 52
32 13 70
32 14 90
32 15 108
32 16 128
32 17 146
32 18 166
32 19 184
32 20 64
32 21 46
32 22 26
32 23 44
32 24 64
32 25 82
32 26 102
32 27 120
32 28 140
32 29 158
32 30 38
32 31 20
32 32 0
32 33 18
32 34 38
32 35 56
32 36 76
32 37 94
32 38 114
32 39 132
32 40 64
32 41 46
32 42 26
32 43 44
32 44 64
32 45 82
32 46 102
32 47 120
32 48 140
32 49 158
32 50 90
32 51 72
32 52 52
32 53 70
32 54 90
32 55 108
32 56 128
32 57 146
32 58 166
32 59 184
32 60 116
32 61 98
32 62 78
32 63 96
32 64 116
32 65 134
32 66 154
32 67 172
32 68 192
32 69 210
32 70 142
32 71 124
32 72 104
32 73 122
32 74 142
32 75 160
32 76 180
32 77 198
32 78 218
32 79 236
32 80 167
32 81 149
32 82 129
32 83 147
32 84 167
32 85 185
32 86 205
32 87 223
32 88 243
32 89 261
33 0 133
33 1 115
33 2 95
33 3 77
33 4 97
33 5 115
33 6 135
33 7 153
33 8 173
33 9 191
33 10 108
33 11 90
33 12 70
33 13 52
33 14 72
33 15 90
33 16 110
33 17 128
33 18 148
33 19 166
33 20 82
33 21 64
33 22 44
33 23 26
33 24 46
33 25 64
33 26 84
33 27 102
33 28 122
33 29 140
33 30 56
33 31 38
33 32 18
33 33 0
33 34 20
33 35 38
33 36 58
33 37 76
33 38 96
33 39 114
33 40 82
33 41 64
33 42 44
33 43 26
33 44 46
33 45 64
33 46 84
33 47 102
33 48 122
33 49 140
33 50 108
33 51 90
33 52 70
33 53 52
33 54 72
33 55 90
33 56 110
33 57 128
33 58 148
33 59 166
33 60 134
33 61 116
33 62 96
33 63 78
33 64 98
33 65 116
33 66 136
33 67 154
33 68 174
33 69 192
33 70 160
33 71 142
33 72 122
33 73 104
33 74 124
33 75 142
33 76 162
33 77 180
33 78 200
33 79 218
33 80 185
33 81 167
33 82 147
33 83 129
33 84 149
33 85 167
33 86 187
33 87 205
33 88 225
33 89 243
34 0 153
34 1 135
34 2 115
34 3 97
34 4 77
34 5 95
34 6 115
34 7 133
34 8 153
34 9 171
34 10 128
34 11 110
34 12 90
34 13 72
34 14 52
34 15 70
34 16 90
34 17 108
34 18 128
34 19 146
34 20 102
34 21 84
34 22 64
34 23 46
34 24 26
34 25 44
34 26 64
34 27 82
34 28 102
34 29 120
34 30 76
34 31 58
34 32 38
34 33 20
34 34 0
34 35 18
34 36 38
34 37 56
34 38 76
34 39 94
34 40 102
34 41 84
34 42 64
34 43 46
34 44 26
34 45 44
34 46 64
34 47 82
34 48 102
34 49 120
34 50 128
34 51 110
34 52 90
34 53 72
34 54 52
34 55 70
34 56 90
34 57 108
34 58 128
34 59 146
34 60 154
34 61 136
34 62 116
34 63 98
34 64 78
34 65 96
34 66 116
34 67 134
34 68 154
34 69 172
34 70 180
34 71 162
34 72 142
34 73 124
34 74 104
34 75 122
34 76 142
34 77 160
34 78 180
34 79 198
34 80 205
34 81 187
34 82 167
34 83 149
34 84 129
34 85 147
34 86 167
34 87 185
34 88 205
34 89 223
35 0 171
35 1 153
35 2 133
35 3 115
35 4 95
35 5 77
35 6 97
35 7 115
35 8 135
35 9 153
35 10 146
35 11 128
35 12 108
35 13 90
35 14 70
35 15 52
35 16 72
35 17 90
35 18 110
35 19 128
35 20 120
35 21 102
35 22 82
35 23 64
35 24 44
35 25 26
35 26 46
35 27 64
35 28 84
35 29 102
35 30 94
35 31 76
35 32 56
35 33 38
35 34 18
35 35 0
35 36 20
35 37 38
35 38 58
35 39 76
35 40 120
35 41 102
35 42 82
35 43 64
35 44 44
35 45 26
35 46 46
35 47 64
35 48 84
35 49 102
35 50 146
35 51 128
35 52 108
35 53 90
35 54 70
35 55 52
35 56 72
35 57 90
35 58 110
35 59 128
35 60 172
35 61 154
35 62 134
35 63 116
35 64 96
35 65 78
35 66 98
35 67 116
35 68 136
35 69 154
35 70 198
35 71 180
35 72 160
35 73 142
35 74 122
35 75 104
35 76 124
35 77 142
35 78 162
35 79 180
35 80 223
35 81 205
35 82 185
35 83 167
35 84 147
35 85 129
35 86 149
35 87 167
35 88 187
35 89 205
36 0 191
36 1 173
36 2 153
36 3 135
36 4 115
36 5 97
36 6 77
36 7 95
36 8 115
36 9 133
36 10 166
36 11 148
36 12 128
36 13 110
36 14 90
36 15 72
36 16 52
36 17 70
36 18 90
36 19 108
36 20 140
36 21 122
36 22 102
36 23 84
36 24 64
36 25 46
36 26 26
36 27 44
36 28 64
36 29 82
36 30 114
36 31 96
36 32 76
36 33 58
36 34 38
36 35 20
36 36 0
36 37 18
36 38 38
36 39 56
36 40 140
36 41 122
36 42 102
36 43 84
36 44 64
36 45 46
36 46 26
36 47 44
36 48 64
36 49 82
36 50 166
36 51 148
36 52 128
36 53 110
36 54 90
36 55 72
36 56 52
36 57 70
36 58 90
36 59 108
36 60 192
36 61 174
36 62 154
36 63 136
36 64 116
36 65 98
36 66 78
36 67 96
36 68 116
36 69 134
36 70 218
36 71 200
36 72 180
36 73 162
36 74 142
36 75 124
36 76 104
36 77 122
36 78 142
36 79 160
36 80 243
36 81 225
36 82 205
36 83 187
36 84 167
36 85 149
36 86 129
36 87 147
36 88 167
36 89 185
37 0 209
37 1 191
37 2 171
37 3 153
37 4 133
37 5 115
37 6 95
37 7 77
37 8 97
37 9 115
37 10 184
37 11 166
37 12 146
37 13 128
37 14 108
37 15 90
37 16 70
37 17 52
37 18 72
37 19 90
37 20 158
37 21 140
37 22 120
37 23 102
37 24 82
37 25 64
37 26 44
37 27 26
37 28 46
37 29 64
37 30 132
37 31 114
37 32 94
37 33 76
37 34 56
37 35 38
37 36 18
37 37 0
37 38 20
37 39 38
37 40 158
37 41 140
37 42 120
37 43 102
37 44 82
37 45 64
37 46 44
37 47 26
37 48 46
37 49 64
37 50 184
37 51 166
37 52 146
37 53 128
37 54 108
37 55 90
37 56 70
37 57 52
37 58 72
37 59 90
37 60 210
37 61 192
37 62 172
37 63 154
37 64 134
37 65 116
37 66 96
37 67 78
37 68 98
37 69 116
37 70 236
37 71 218
37 72 198
37 73 180
37 74 160
37 75 142
37 76 122
37 77 104
37 78 124
37 79 142
37 80 261
37 81 243
37 82 223
37 83 205
37 84 185
37 85 167
37 86 147
37 87 129
37 88 149
37 89 167
38 0 229
38 1 211
38 2 191
38 3 173
38 4 153
38 5 135
38 6 115
38 7 97
38 8 77
38 9 95
38 10 204
38 11 186
38 12 166
38 13 148
38 14 128
38 15 110
38 16 90
38 17 72
38 18 52
38 19 70
38 20 178
38 21 160
38 22 140
38 23 122
38 24 102
38 25 84
38 26 64
38 27 46
38 28 26
38 29 44
38 30 152
38 31 134
38 32 114
38 33 96
38 34 76
38 35 58
38 36 38
38 37 20
38 38 0
38 39 18
38 40 178
38 41 160
38 42 140
38 43 122
38 44 102
38 45 84
38 46 64
38 47 46
38 48 26
38 49 44
38 50 204
38 51 186
38 52 166
38 53 148
38 54 128
38 55 110
38 56 90
38 57 72
38 58 52
38 59 70
38 60 230
38 61 212
38 62 192
38 63 174
38 64 154
38 65 136
38 66 116
38 67 98
38 68 78
38 69 96
38 70 256
38 71 238
38 72 218
38 73 200
38 74 180
38 75 162
38 76 142
38 77 124
38 78 104
38 79 122
38 80 281
38 81 263
38 82 243
38 83 225
38 84 205
38 85 187
38 86 167
38 87 149
38 88 129
38 89 147
39 0 247
39 1 229
39 2 209
39 3 191
39 4 171
39 5 153
39 6 133
39 7 115
39 8 95
39 9 77
39 10 222
39 11 204
39 12 184
39 13 166
39 14 146
39 15 128
39 16 108
39 17 90
39 18 70
39 19 52
39 20 196
39 21 178
39 22 158
39 23 140
39 24 120
39 25 102
39 26 82
39 27 64
39 28 44
39 29 26
39 30 170
39 31 152
39 32 132
39 33 114
39 34 94
39 35 76
39 36 56
39 37 38
39 38 18
39 39 0
39 40 196
39 41 178
39 42 158
39 43 140
39 44 120
39 45 102
39 46 82
39 47 64
39 48 44
39 49 26
39 50 222
39 51 204
39 52 184
39 53 166
39 54 146
39 55 128
39 56 108
39 57 90
39 58 70
39 59 52
39 60 248
39 61 230
39 62 210
39 63 192
39 64 172
39 65 154
39 66 134
39 67 116
39 68 96
39 69 78
39 70 274
39 71 256
39 72 236
39 73 218
39 74 198
39 75 180
39 76 160
39 77 142
39 78 122
39 79 104
39 80 299
39 81 281
39 82 261
39 83 243
39 84 223
39 85 205
39 86 185
39 87 167
39 88 147
39 89 129
40 0 103
40 1 121
40 2 141
40 3 159
40 4 179
40 5 197
40 6 217
40 7 235
40 8 255
40 9 273
40 10 78
40 11 96
40 12 116
40 13 134
40 14 154
40 15 172
40 16 192
40 17 210
40 18 230
40 19 248
40 20 52
40 21 70
40 22 90
40 23 108
40 24 128
40 25 146
40 26 166
40 27 184
40 28 204
40 29 222
40 30 26
40 31 44
40 32 64
40 33 82
40 34 102
40 35 120
40 36 140
40 37 158
40 38 178
40 39 196
40 40 0
40 41 18
40 42 38
40 43 56
40 44 76
40 45 94
40 46 114
40 47 132
40 48 152
40 49 170
40 50 26
40 51 44
40 52 64
40 53 82
40 54 102
40 55 120
40 56 140
40 57 158
40 58 178
40 59 196
40 60 52
40 61 70
40 62 90
40 63 108
40 64 128
40 65 146
40 66 166
40 67 184
40 68 204
40 69 222
40 70 78
40 71 96
40 72 116
40 73 134
40 74 154
40 75 172
40 76 192
40 77 210
40 78 230
40 79 248
40 80 103
40 81 121
40 82 141
40 83 159
40 84 179
40 85 197
40 86 217
40 87 235
40 88 255
40 89 273
41 0 121
41 1 103
41 2 123
41 3 141
41 4 161
41 5 179
41 6 199
41 7 217
41 8 237
41 9 255
41 10 96
41 11 78
41 12 98
41 13 116
41 14 136
41 15 154
41 16 174
41 17 192
41 18 212
41 19 230
41 20 70
41 21 52
41 22 72
41 23 90
41 24 110
41 25 128
41 26 148
41 27 166
41 28 186
41 29 204
41 30 44
41 31 26
41 32 46
41 33 64
41 34 84
41 35 102
41 36 122
41 37 140
41 38 160
41 39 178
41 40 18
41 41 0
41 42 20
41 43 38
41 44 58
41 45 76
41 46 96
41 47 114
41 48 134
41 49 152
41 50 44
41 51 26
41 52 46
41 53 64
41 54 84
41 55 102
41 56 122
41 57 140
41 58 160
41 59 178
41 60 70
41 61 52
41 62 72
41 63 90
41 64 110
41 65 128
41 66 148
41 67 166
41 68 186
41 69 204
41 70 96
41 71 78
41 72 98
41 73 116
41 74 136
41 75 154
41 76 174
41 77 192
41 78 212
41 79 230
41 80 121
41 81 103
41 82 123
41 83 141
41 84 161
41 85 179
41 86 199
41 87 217
41 88 237
41 89 255
42 0 141
42 1 123
42 2 103
42 3 121
42 4 141
42 5 159
42 6 179
42 7 197
42 8 217
42 9 235
42 10 116
42 11 98
42 12 78
42 13 96
42 14 116
42 15 134
42 16 154
42 17 172
42 18 192
42 19 210
42 20 90
42 21 72
42 22 52
42 23 70
42 24 90
42 25 108
42 26 128
42 27 146
42 28 166
42 29 184
42 30 64
42 31 46
42 32 26
42 33 44
42 34 64
42 35 82
42 36 102
42 37 120
42 38 140
42 39 158
42 40 38
42 41 20
42 42 0
42 43 18
42 44 38
42 45 56
42 46 76
42 47 94
42 48 114
42 49 132
42 50 64
42 51 46
42 52 26
42 53 44
42 54 64
42 55 82
42 56 102
42 57 120
42 58 140
42 59 158
42 60 90
42 61 72
42 62 52
42 63 70
42 64 90
42 65 108
42 66 128
42 67 146
42 68 166
42 69 184
42 70 116
42 71 98
42 72 78
42 73 96
42 74 116
42 75 134
42 76 154
42 77 172
42 78 192
42 79 210
42 80 141
42 81 123
42 82 103
42 83 121
42 84 141
42 85 159
42 86 179
42 87 197
42 88 217
42 89 235
43 0 159
43 1 141
43 2 121
43 3 103
43 4 123
43 5 141
43 6 161
43 7 179
43 8 199
43 9 217
43 10 134
43 11 116
43 12 96
43 13 78
43 14 98
43 15 116
43 16 136
43 17 154
43 18 174
43 19 192
43 20 108
43 21 90
43 22 70
43 23 52
43 24 72
43 25 90
43 26 110
43 27 128
43 28 148
43 29 166
43 30 82
43 31 64
43 32 44
43 33 26
43 34 46
43 35 64
43 36 84
43 37 102
43 38 122
43 39 140
43 40 56
43 41 38
43 42 18
43 43 0
43 44 20
43 45 38
43 46 58
43 47 76
43 48 96
43 49 114
43 50 82
43 51 64
43 52 44
43 53 26
43 54 46
43 55 64
43 56 84
43 57 102
43 58 122
43 59 140
43 60 108
43 61 90
43 62 70
43 63 52
43 64 72
43 65 90
43 66 110
43 67 128
43 68 148
43 69 166
43 70 134
43 71 116
43 72 96
43 73 78
43 74 98
43 75 116
43 76 136
43 77 154
43 78 174
43 79 192
43 80 159
43 81 141
43 82 121
43 83 103
43 84 123
43 85 141
43 86 161
43 87 179
43 88 199
43 89 217
44 0 179
44 1 161
44 2 141
44 3 123
44 4 103
44 5 121
44 6 141
44 7 159
44 8 179
44 9 197
44 10 154
44 11 136
44 12 116
44 13 98
44 14 78
44 15 96
44 16 116
44 17 134
44 18 154
44 19 172
44 20 128
44 21 110
44 22 90
44 23 72
44 24 52
44 25 70
44 26 90
44 27 108
44 28 128
44 29 146
44 30 102
44 31 84
44 32 64
44 33 46
44 34 26
44 35 44
44 36 64
44 37 82
44 38 102
44 39 120
44 40 76
44 41 58
44 42 38
44 43 20
44 44 0
44 45 18
44 46 38
44 47 56
44 48 76
44 49 94
44 50 102
44 51 84
44 52 64
44 53 46
44 54 26
44 55 44
44 56 64
44 57 82
44 58 102
44 59 120
44 60 128
44 61 110
44 62 90
44 63 72
44 64 52
44 65 70
44 66 90
44 67 108
44 68 128
44 69 146
44 70 154
44 71 136
44 72 116
44 73 98
44 74 78
44 75 96
44 76 116
44 77 134
44 78 154
44 79 172
44 80 179
44 81 161
44 82 141
44 83 123
44 84 103
44 85 121
44 86 141
44 87 159
44 88 179
44 89 197
45 0 197
45 1 179
45 2 159
45 3 141
45 4 121
45 5 103
45 6 123
45 7 141
45 8 161
45 9 179
45 10 172
45 11 154
45 12 134
45 13 116
45 14 96
45 15 78
45 16 98
45 17 116
45 18 136
45 19 154
45 20 146
45 21 128
45 22 108
45 23 90
45 24 70
45 25 52
45 26 72
45 27 90
45 28 110
45 29 128
45 30 120
45 31 102
45 32 82
45 33 64
45 34 44
45 35 26
45 36 46
45 37 64
45 38 84
45 39 102
45 40 94
45 41 76
45 42 56
45 43 38
45 44 18
45 45 0
45 46 20
45 47 38
45 48 58
45 49 76
45 50 120
45 51 102
45 52 82
45 53 64
45 54 44
45 55 26
45 56 46
45 57 64
45 58 84
45 59 102
45 60 146
45 61 128
45 62 108
45 63 90
45 64 70
45 65 52
45 66 72
45 67 90
45 68 110
45 69 128
45 70 172
45 71 154
45 72 134
45 73 116
45 74 96
45 75 78
45 76 98
45 77 116
45 78 136
45 79 154
45 80 197
45 81 179
45 82 159
45 83 141
45 84 121
45 85 103
45 86 123
45 87 141
45 88 161
45 89 179
46 0 217
46 1 199
46 2 179
46 3 161
46 4 141
46 5 123
46 6 103
46 7 121
46 8 141
46 9 159
46 10 192
46 11 174
46 12 154
46 13 136
46 14 116
46 15 98
46 16 78
46 17 96
46 18 116
46 19 134
46 20 166
46 21 148
46 22 128
46 23 110
46 24 90
46 25 72
46 26 52
46 27 70
46 28 90
46 29 108
46 30 140
46 31 122
46 32 102
46 33 84
46 34 64
46 35 46
46 36 26
46 37 44
46 38 64
46 39 82
46 40 114
46 41 96
46 42 76
46 43 58
46 44 38
46 45 20
46 46 0
46 47 18
46 48 38
46 49 56
46 50 140
46 51 122
46 52 102
46 53 84
46 54 64
46 55 46
46 56 26
46 57 44
46 58 64
46 59 82
46 60 166
46 61 148
46 62 128
46 63 110
46 64 90
46 65 72
46 66 52
46 67 70
46 68 90
46 69 108
46 70 192
46 71 174
46 72 154
46 73 136
46 74 116
46 75 98
46 76 78
46 77 96
46 78 116
46 79 134
46 80 217
46 81 199
46 82 179
46 83 161
46 84 141
46 85 123
46 86 103
46 87 121
46 88 141
46 89 159
47 0 235
47 1 217
47 2 197
47 3 179
47 4 159
47 5 141
47 6 121
47 7 103
47 8 123
47 9 141
47 10 210
47 11 192
47 12 172
47 13 154
47 14 134
47 15 116
47 16 96
47 17 78
47 18 98
47 19 116
47 20 184
47 21 166
47 22 146
47 23 128
47 24 108
47 25 90
47 26 70
47 27 52
47 28 72
47 29 90
47 30 158
47 31 140
47 32 120
47 33 102
47 34 82
47 35 64
47 36 44
47 37 26
47 38 46
47 39 64
47 40 132
47 41 114
47 42 94
47 43 76
47 44 56
47 45 38
47 46 18
47 47 0
47 48 20
47 49 38
47 50 158
47 51 140
47 52 120
47 53 102
47 54 82
47 55 64
47 56 44
47 57 26
47 58 46
47 59 64
47 60 184
47 61 166
47 62 146
47 63 128
47 64 108
47 65 90
47 66 70
47 67 52
47 68 72
47 69 90
47 70 210
47 71 192
47 72 172
47 73 154
47 74 134
47 75 116
47 76 96
47 77 78
47 78 98
47 79 116
47 80 235
47 81 217
47 82 197
47 83 179
47 84 159
47 85 141
47 86 121
47 87 103
47 88 123
47 89 141
48 0 255
48 1 237
48 2 217
48 3 199
48 4 179
48 5 161
48 6 141
48 7 123
48 8 103
48 9 121
48 10 230
48 11 212
48 12 192
48 13 174
48 14 154
48 15 136
48 16 116
48 17 98
48 18 78
48 19 96
48 20 204
48 21 186
48 22 166
48 23 148
48 24 128
48 25 110
48 26 90
48 27 72
48 28 52
48 29 70
48 30 178
48 31 160
48 32 140
48 33 122
48 34 102
48 35 84
48 36 64
48 37 46
48 38 26
48 39 44
48 40 152
48 41 134
48 42 114
48 43 96
48 44 76
48 45 58
48 46 38
48 47 20
48 48 0
48 49 18
48 50 178
48 51 160
48 52 140
48 53 122
48 54 102
48 55 84
48 56 64
48 57 46
48 58 26
48 59 44
48 60 204
48 61 186
48 62 166
48 63 148
48 64 128
48 65 110
48 66 90
48 67 72
48 68 52
48 69 70
48 70 230
48 71 212
48 72 192
48 73 174
48 74 154
48 75 136
48 76 116
48 77 98
48 78 78
48 79 96
48 80 255
48 81 237
48 82 217
48 83 199
48 84 179
48 85 161
48 86 141
48 87 123
48 88 103
48 89 121
49 0 273
49 1 255
49 2 235
49 3 217
49 4 197
49 5 179
49 6 159
49 7 141
49 8 121
49 9 103
49 10 248
49 11 230
49 12 210
49 13 192
49 14 172
49 15 154
49 16 134
49 17 116
49 18 96
49 19 78
49 20 222
49 21 204
49 22 184
49 23 166
49 24 146
49 25 128
49 26 108
49 27 90
49 28 70
49 29 52
49 30 196
49 31 178
49 32 158
49 33 140
49 34 120
49 35 102
49 36 82
49 37 64
49 38 44
49 39 26
49 40 170
49 41 152
49 42 132
49 43 114
49 44 94
49 45 76
49 46 56
49 47 38
49 48 18
49 49 0
49 50 196
49 51 178
49 52 158
49 53 140
49 54 120
49 55 102
49 56 82
49 57 64
49 58 44
49 59 26
49 60 222
49 61 204
49 62 184
49 63 166
49 64 146
49 65 128
49 66 108
49 67 90
49 68 70
49 69 52
49 70 248
49 71 230
49 72 210
49 73 192
49 74 172
49 75 154
49 76 134
49 77 116
49 78 96
49 79 78
49 80 273
49 81 255
49 82 235
49 83 217
49 84 197
49 85 179
49 86 159
49 87 141
49 88 121
49 89 103
50 0 129
50 1 147
50 2 167
50 3 185
50 4 205
50 5 223
50 6 243
50 7 261
50 8 281
50 9 299
50 10 104
50 11 122
50 12 142
50 13 160
50 14 180
50 15 198
50 16 218
50 17 236
50 18 256
50 19 274
50 20 78
50 21 96
50 22 116
50 23 134
50 24 154
50 25 172
50 26 192
50 27 210
50 28 230
50 29 248
50 30 52
50 31 70
50 32 90
50 33 108
50 34 128
50 35 146
50 36 166
50 37 184
50 38 204
50 39 222
50 40 26
50 41 44
50 42 64
50 43 82
50 44 102
50 45 120
50 46 140
50 47 158
50 48 178
50 49 196
50 50 0
50 51 18
50 52 38
50 53 56
50 54 76
50 55 94
50 56 114
50 57 132
50 58 152
50 59 170
50 60 26
50 61 44
50 62 64
50 63 82
50 64 102
50 65 120
50 66 140
50 67 158
50 68 178
50 69 196
50 70 52
50 71 70
50 72 90
50 73 108
50 74 128
50 75 146
50 76 166
50 77 184
50 78 204
50 79 222
50 80 77
50 81 95
50 82 115
50 83 133
50 84 153
50 85 171
50 86 191
50 87 209
50 88 229
50 89 247
51 0 147
51 1 129
51 2 149
51 3 167
51 4 187
51 5 205
51 6 225
51 7 243
51 8 263
51 9 281
51 10 122
51 11 104
51 12 124
51 13 142
51 14 162
51 15 180
51 16 200
51 17 218
51 18 238
51 19 256
51 20 96
51 21 78
51 22 98
51 23 116
51 24 136
51 25 154
51 26 174
51 27 192
51 28 212
51 29 230
51 30 70
51 31 52
51 32 72
51 33 90
51 34 110
51 35 128
51 36 148
51 37 166
51 38 186
51 39 204
51 40 44
51 41 26
51 42 46
51 43 64
51 44 84
51 45 102
51 46 122
51 47 140
51 48 160
51 49 178
51 50 18
51 51 0
51 52 20
51 53 38
51 54 58
51 55 76
51 56 96
51 57 114
51 58 134
51 59 152
51 60 44
51 61 26
51 62 46
51 63 64
51 64 84
51 65 102
51 66 122
51 67 140
51 68 160
51 69 178
51 70 70
51 71 52
51 72 72
51 73 90
51 74 110
51 75 128
51 76 148
51 77 166
51 78 186
51 79 204
51 80 95
51 81 77
51 82 97
51 83 115
51 84 135
51 85 153
51 86 173
51 87 191
51 88 211
51 89 229
52 0 167
52 1 149
52 2 129
52 3 147
52 4 167
52 5 185
52 6 205
52 7 223
52 8 243
52 9 261
52 10 142
52 11 124
52 12 104
52 13 122
52 14 142
52 15 160
52 16 180
52 17 198
52 18 218
52 19 236
52 20 116
52 21 98
52 22 78
52 23 96
52 24 116
52 25 134
52 26 154
52 27 172
52 28 192
52 29 210
52 30 90
52 31 72
52 32 52
52 33 70
52 34 90
52 35 108
52 36 128
52 37 146
52 38 166
52 39 184
52 40 64
52 41 46
52 42 26
52 43 44
52 44 64
52 45 82
52 46 102
52 47 120
52 48 140
52 49 158
52 50 38
52 51 20
52 52 0
52 53 18
52 54 38
52 55 56
52 56 76
52 57 94
52 58 114
52 59 132
52 60 64
52 61 46
52 62 26
52 63 44
52 64 64
52 65 82
52 66 102
52 67 120
52 68 140
52 69 158
52 70 90
52 71 72
52 72 52
52 73 70
52 74 90
52 75 108
52 76 128
52 77 146
52 78 166
52 79 184
52 80 115
52 81 97
52 82 77
52 83 95
52 84 115
52 85 133
52 86 153
52 87 171
52 88 191
52 89 209
53 0 185
53 1 167
53 2 147
53 3 129
53 4 149
53 5 167
53 6 187
53 7 205
53 8 225
53 9 243
53 10 160
53 11 142
53 12 122
53 13 104
53 14 124
53 15 142
53 16 162
53 17 180
53 18 200
53 19 218
53 20 134
53 21 116
53 22 96
53 23 78
53 24 98
53 25 116
53 26 136
53 27 154
53 28 174
53 29 192
53 30 108
53 31 90
53 32 70
53 33 52
53 34 72
53 35 90
53 36 110
53 37 128
53 38 148
53 39 166
53 40 82
53 41 64
53 42 44
53 43 26
53 44 46
53 45 64
53 46 84
53 47 102
53 48 122
53 49 140
53 50 56
53 51 38
53 52 18
53 53 0
53 54 20
53 55 38
53 56 58
53 57 76
53 58 96
53 59 114
53 60 82
53 61 64
53 62 44
53 63 26
53 64 46
53 65 64
53 66 84
53 67 102
53 68 122
53 69 140
53 70 108
53 71 90
53 72 70
53 73 52
53 74 72
53 75 90
53 76 110
53 77 128
53 78 148
53 79 166
53 80 133
53 81 115
53 82 95
53 83 77
53 84 97
53 85 115
53 86 135
53 87 153
53 88 173
53 89 191
54 0 205
54 1 187
54 2 167
54 3 149
54 4 129
54 5 147
54 6 167
54 7 185
54 8 205
54 9 223
54 10 180
54 11 162
54 12 142
54 13 124
54 14 104
54 15 122
54 16 142
54 17 160
54 18 180
54 19 198
54 20 154
54 21 136
54 22 116
54 23 98
54 24 78
54 25 96
54 26 116
54 27 134
54 28 154
54 29 172
54 30 128
54 31 110
54 32 90
54 33 72
54 34 52
54 35 70
54 36 90
54 37 108
54 38 128
54 39 146
54 40 102
54 41 84
54 42 64
54 43 46
54 44 26
54 45 44
54 46 64
54 47 82
54 48 102
54 49 120
54 50 76
54 51 58
54 52 38
54 53 20
54 54 0
54 55 18
54 56 38
54 57 56
54 58 76
54 59 94
54 60 102
54 61 84
54 62 64
54 63 46
54 64 26
54 65 44
54 66 64
54 67 82
54 68 102
54 69 120
54 70 128
54 71 110
54 72 90
54 73 72
54 74 52
54 75 70
54 76 90
54 77 108
54 78 128
54 79 146
54 80 153
54 81 135
54 82 115
54 83 97
54 84 77
54 85 95
54 86 115
54 87 133
54 88 153
54 89 171
55 0 223
55 1 205
55 2 185
55 3 167
55 4 147
55 5 129
55 6 149
55 7 167
55 8 187
55 9 205
55 10 198
55 11 180
55 12 160
55 13 142
55 14 122
55 15 104
55 16 124
55 17 142
55 18 162
55 19 180
55 20 172
55 21 154
55 22 134
55 23 116
55 24 96
55 25 78
55 26 98
55 27 116
55 28 136
55 29 154
55 30 146
55 31 128
55 32 108
55 33 90
55 34 70
55 35 52
55 36 72
55 37 90
55 38 110
55 39 128
55 40 120
55 41 102
55 42 82
55 43 64
55 44 44
55 45 26
55 46 46
55 47 64
55 48 84
55 49 102
55 50 94
55 51 76
55 52 56
55 53 38
55 54 18
55 55 0
55 56 20
55 57 38
55 58 58
55 59 76
55 60 120
55 61 102
55 62 82
55 63 64
55 64 44
55 65 26
55 66 46
55 67 64
55 68 84
55 69 102
55 70 146
55 71 128
55 72 108
55 73 90
55 74 70
55 75 52
55 76 72
55 77 90
55 78 110
55 79 128
55 80 171
55 81 153
55 82 133
55 83 115
55 84 95
55 85 77
55 86 97
55 87 115
55 88 135
55 89 153
56 0 243
56 1 225
56 2 205
56 3 187
56 4 167
56 5 149
56 6 129
56 7 147
56 8 167
56 9 185
56 10 218
56 11 200
56 12 180
56 13 162
56 14 142
56 15 124
56 16 104
56 17 122
56 18 142
56 19 160
56 20 192
56 21 174
56 22 154
56 23 136
56 24 116
56 25 98
56 26 78
56 27 96
56 28 116
56 29 134
56 30 166
56 31 148
56 32 128
56 33 110
56 34 90
56 35 72
56 36 52
56 37 70
56 38 90
56 39 108
56 40 140
56 41 122
56 42 102
56 43 84
56 44 64
56 45 46
56 46 26
56 47 44
56 48 64
56 49 82
56 50 114
56 51 96
56 52 76
56 53 58
56 54 38
56 55 20
56 56 0
56 57 18
56 58 38
56 59 56
56 60 140
56 61 122
56 62 102
56 63 84
56 64 64
56 65 46
56 66 26
56 67 44
56 68 64
56 69 82
56 70 166
56 71 148
56 72 128
56 73 110
56 74 90
56 75 72
56 76 52
56 77 70
56 78 90
56 79 108
56 80 191
56 81 173
56 82 153
56 83 135
56 84 115
56 85 97
56 86 77
56 87 95
56 88 115
56 89 133
57 0 261
57 1 243
57 2 223
57 3 205
57 4 185
57 5 167
57 6 147
57 7 129
57 8 149
57 9 167
57 10 236
57 11 218
57 12 198
57 13 180
57 14 160
57 15 142
57 16 122
57 17 104
57 18 124
57 19 142
57 20 210
57 21 192
57 22 172
57 23 154
57 24 134
57 25 116
57 26 96
57 27 78
57 28 98
57 29 116
57 30 184
57 31 166
57 32 146
57 33 128
57 34 108
57 35 90
57 36 70
57 37 52
57 38 72
57 39 90
57 40 158
57 41 140
57 42 120
57 43 102
57 44 82
57 45 64
57 46 44
57 47 26
57 48 46
57 49 64
57 50 132
57 51 114
57 52 94
57 53 76
57 54 56
57 55 38
57 56 18
57 57 0
57 58 20
57 59 38
57 60 158
57 61 140
57 62 120
57 63 102
57 64 82
57 65 64
57 66 44
57 67 26
57 68 46
57 69 64
57 70 184
57 71 166
57 72 146
57 73 128
57 74 108
57 75 90
57 76 70
57 77 52
57 78 72
57 79 90
57 80 209
57 81 191
57 82 171
57 83 153
57 84 133
57 85 115
57 86 95
57 87 77
57 88 97
57 89 115
58 0 281
58 1 263
58 2 243
58 3 225
58 4 205
58 5 187
58 6 167
58 7 149
58 8 129
58 9 147
58 10 256
58 11 238
58 12 218
58 13 200
58 14 180
58 15 162
58 16 142
58 17 124
58 18 104
58 19 122
58 20 230
58 21 212
58 22 192
58 23 174
58 24 154
58 25 136
58 26 116
58 27 98
58 28 78
58 29 96
58 30 204
58 31 186
58 32 166
58 33 148
58 34 128
58 35 110
58 36 90
58 37 72
58 38 52
58 39 70
58 40 178
58 41 160
58 42 140
58 43 122
58 44 102
58 45 84
58 46 64
58 47 46
58 48 26
58 49 44
58 50 152
58 51 134
58 52 114
58 53 96
58 54 76
58 55 58
58 56 38
58 57 20
58 58 0
58 59 18
58 60 178
58 61 160
58 62 140
58 63 122
58 64 102
58 65 84
58 66 64
58 67 46
58 68 26
58 69 44
58 70 204
58 71 186
58 72 166
58 73 148
58 74 128
58 75 110
58 76 90
58 77 72
58 78 52
58 79 70
58 80 229
58 81 211
58 82 191
58 83 173
58 84 153
58 85 135
58 86 115
58 87 97
58 88 77
58 89 95
59 0 299
59 1 281
59 2 261
59 3 243
59 4 223
59 5 205
59 6 185
59 7 167
59 8 147
59 9 129
59 10 274
59 11 256
59 12 236
59 13 218
59 14 198
59 15 180
59 16 160
59 17 142
59 18 122
59 19 104
59 20 248
59 21 230
59 22 210
59 23 192
59 24 172
59 25 154
59 26 134
59 27 116
59 28 96
59 29 78
59 30 222
59 31 204
59 32 184
59 33 166
59 34 146
59 35 128
59 36 108
59 37 90
59 38 70
59 39 52
59 40 196
59 41 178
59 42 158
59 43 140
59 44 120
59 45 102
59 46 82
59 47 64
59 48 44
59 49 26
59 50 170
59 51 152
59 52 132
59 53 114
59 54 94
59 55 76
59 56 56
59 57 38
59 58 18
59 59 0
59 60 196
59 61 178
59 62 158
59 63 140
59 64 120
59 65 102
59 66 82
59 67 64
59 68 44
59 69 26
59 70 222
59 71 204
59 72 184
59 73 166
59 74 146
59 75 128
59 76 108
59 77 90
59 78 70
59 79 52
59 80 247
59 81 229
59 82 209
59 83 191
59 84 171
59 85 153
59 86 133
59 87 115
59 88 95
59 89 77
60 0 155
60 1 173
60 2 193
60 3 211
60 4 231
60 5 249
60 6 269
60 7 287
60 8 307
60 9 325
60 10 130
60 11 148
60 12 168
60 13 186
60 14 206
60 15 224
60 16 244
60 17 262
60 18 282
60 19 300
60 20 104
60 21 122
60 22 142
60 23 160
60 24 180
60 25 198
60 26 218
60 27 236
60 28 256
60 29 274
60 30 78
60 31 96
60 32 116
60 33 134
60 34 154
60 35 172
60 36 192
60 37 210
60 38 230
60 39 248
60 40 52
60 41 70
60 42 90
60 43 108
60 44 128
60 45 146
60 46 166
60 47 184
60 48 204
60 49 222
60 50 26
60 51 44
60 52 64
60 53 82
60 54 102
60 55 120
60 56 140
60 57 158
60 58 178
60 59 196
60 60 0
60 61 18
60 62 38
60 63 56
60 64 76
60 65 94
60 66 114
60 67 132
60 68 152
60 69 170
60 70 26
60 71 44
60 72 64
60 73 82
60 74 102
60 75 120
60 76 140
60 77 158
60 78 178
60 79 196
60 80 51
60 81 69
60 82 89
60 83 107
60 84 127
60 85 145
60 86 165
60 87 183
60 88 203
60 89 221
61 0 173
61 1 155
61 2 175
61 3 193
61 4 213
61 5 231
61 6 251
61 7 269
61 8 289
61 9 307
61 10 148
61 11 130
61 12 150
61 13 168
61 14 188
61 15 206
61 16 226
61 17 244
61 18 264
61 19 282
61 20 122
61 21 104
61 22 124
61 23 142
61 24 162
61 25 180
61 26 200
61 27 218
61 28 238
61 29 256
61 30 96
61 31 78
61 32 98
61 33 116
61 34 136
61 35 154
61 36 174
61 37 192
61 38 212
61 39 230
61 40 70
61 41 52
61 42 72
61 43 90
61 44 110
61 45 128
61 46 148
61 47 166
61 48 186
61 49 204
61 50 44
61 51 26
61 52 46
61 53 64
61 54 84
61 55 102
61 56 122
61 57 140
61 58 160
61 59 178
61 60 18
61 61 0
61 62 20
61 63 38
61 64 58
61 65 76
61 66 96
61 67 114
61 68 134
61 69 152
61 70 44
61 71 26
61 72 46
61 73 64
61 74 84
61 75 102
61 76 122
61 77 140
61 78 160
61 79 178
61 80 69
61 81 51
61 82 71
61 83 89
61 84 109
61 85 127
61 86 147
61 87 165
61 88 185
61 89 203
62 0 193
62 1 175
62 2 155
62 3 173
62 4 193
62 5 211
62 6 231
62 7 249
62 8 269
62 9 287
62 10 168
62 11 150
62 12 130
62 13 148
62 14 168
62 15 186
62 16 206
62 17 224
62 18 244
62 19 262
62 20 142
62 21 124
62 22 104
62 23 122
62 24 142
62 25 160
62 26 180
62 27 198
62 28 218
62 29 236
62 30 116
62 31 98
62 32 78
62 33 96
62 34 116
62 35 134
62 36 154
62 37 172
62 38 192
62 39 210
62 40 90
62 41 72
62 42 52
62 43 70
62 44 90
62 45 108
62 46 128
62 47 146
62 48 166
62 49 184
62 50 64
62 51 46
62 52 26
62 53 44
62 54 64
62 55 82
62 56 102
62 57 120
62 58 140
62 59 158
62 60 38
62 61 20
62 62 0
62 63 18
62 64 38
62 65 56
62 66 76
62 67 94
62 68 114
62 69 132
62 70 64
62 71 46
62 72 26
62 73 44
62 74 64
62 75 82
62 76 102
62 77 120
62 78 140
62 79 158
62 80 89
62 81 71
62 82 51
62 83 69
62 84 89
62 85 107
62 86 127
62 87 145
62 88 165
62 89 183
63 0 211
63 1 193
63 2 173
63 3 155
63 4 175
63 5 193
63 6 213
63 7 231
63 8 251
63 9 269
63 10 186
63 11 168
63 12 148
63 13 130
63 14 150
63 15 168
63 16 188
63 17 206
63 18 226
63 19 244
63 20 160
63 21 142
63 22 122
63 23 104
63 24 124
63 25 142
63 26 162
63 27 180
63 28 200
63 29 218
63 30 134
63 31 116
63 32 96
63 33 78
63 34 98
63 35 116
63 36 136
63 37 154
63 38 174
63 39 192
63 40 108
63 41 90
63 42 70
63 43 52
63 44 72
63 45 90
63 46 110
63 47 128
63 48 148
63 49 166
63 50 82
63 51 64
63 52 44
63 53 26
63 54 46
63 55 64
63 56 84
63 57 102
63 58 122
63 59 140
63 60 56
63 61 38
63 62 18
63 63 0
63 64 20
63 65 38
63 66 58
63 67 76
63 68 96
63 69 114
63 70 82
63 71 64
63 72 44
63 73 26
63 74 46
63 75 64
63 76 84
63 77 102
63 78 122
63 79 140
63 80 107
63 81 89
63 82 69
63 83 51
63 84 71
63 85 89
63 86 109
63 87 127
63 88 147
63 89 165
64 0 231
64 1 213
64 2 193
64 3 175
64 4 155
64 5 173
64 6 193
64 7 211
64 8 231
64 9 249
64 10 206
64 11 188
64 12 168
64 13 150
64 14 130
64 15 148
64 16 168
64 17 186
64 18 206
64 19 224
64 20 180
64 21 162
64 22 142
64 23 124
64 24 104
64 25 122
64 26 142
64 27 160
64 28 180
64 29 198
64 30 154
64 31 136
64 32 116
64 33 98
64 34 78
64 35 96
64 36 116
64 37 134
64 38 154
64 39 172
64 40 128
64 41 110
64 42 90
64 43 72
64 44 52
64 45 70
64 46 90
64 47 108
64 48 128
64 49 146
64 50 102
64 51 84
64 52 64
64 53 46
64 54 26
64 55 44
64 56 64
64 57 82
64 58 102
64 59 120
64 60 76
64 61 58
64 62 38
64 63 20
64 64 0
64 65 18
64 66 38
64 67 56
64 68 76
64 69 94
64 70 102
64 71 84
64 72 64
64 73 46
64 74 26
64 75 44
64 76 64
64 77 82
64 78 102
64 79 120
64 80 127
64 81 109
64 82 89
64 83 71
64 84 51
64 85 69
64 86 89
64 87 107
64 88 127
64 89 145
65 0 249
65 1 231
65 2 211
65 3 193
65 4 173
65 5 155
65 6 175
65 7 193
65 8 213
65 9 231
65 10 224
65 11 206
65 12 186
65 13 168
65 14 148
65 15 130
65 16 150
65 17 168
65 18 188
65 19 206
65 20 198
65 21 180
65 22 160
65 23 142
65 24 122
65 25 104
65 26 124
65 27 142
65 28 162
65 29 180
65 30 172
65 31 154
65 32 134
65 33 116
65 34 96
65 35 78
65 36 98
65 37 116
65 38 136
65 39 154
65 40 146
65 41 128
65 42 108
65 43 90
65 44 70
65 45 52
65 46 72
65 47 90
65 48 110
65 49 128
65 50 120
65 51 102
65 52 82
65 53 64
65 54 44
65 55 26
65 56 46
65 57 64
65 58 84
65 59 102
65 60 94
65 61 76
65 62 56
65 63 38
65 64 18
65 65 0
65 66 20
65 67 38
65 68 58
65 69 76
65 70 120
65 71 102
65 72 82
65 73 64
65 74 44
65 75 26
65 76 46
65 77 64
65 78 84
65 79 102
65 80 145
65 81 127
65 82 107
65 83 89
65 84 69
65 85 51
65 86 71
65 87 89
65 88 109
65 89 127
66 0 269
66 1 251
66 2 231
66 3 213
66 4 193
66 5 175
66 6 155
66 7 173
66 8 193
66 9 211
66 10 244
66 11 226
66 12 206
66 13 188
66 14 168
66 15 150
66 16 130
66 17 148
66 18 168
66 19 186
66 20 218
66 21 200
66 22 180
66 23 162
66 24 142
66 25 124
66 26 104
66 27 122
66 28 142
66 29 160
66 30 192
66 31 174
66 32 154
66 33 136
66 34 116
66 35 98
66 36 78
66 37 96
66 38 116
66 39 134
66 40 166
66 41 148
66 42 128
66 43 110
66 44 90
66 45 72
66 46 52
66 47 70
66 48 90
66 49 108
66 50 140
66 51 122
66 52 102
66 53 84
66 54 64
66 55 46
66 56 26
66 57 44
66 58 64
66 59 82
66 60 114
66 61 96
66 62 76
66 63 58
66 64 38
66 65 20
66 66 0
66 67 18
66 68 38
66 69 56
66 70 140
66 71 122
66 72 102
66 73 84
66 74 64
66 75 46
66 76 26
66 77 44
66 78 64
66 79 82
66 80 165
66 81 147
66 82 127
66 83 109
66 84 89
66 85 71
66 86 51
66 87 69
66 88 89
66 89 107
67 0 287
67 1 269
67 2 249
67 3 231
67 4 211
67 5 193
67 6 173
67 7 155
67 8 175
67 9 193
67 10 262
67 11 244
67 12 224
67 13 206
67 14 186
67 15 168
67 16 148
67 17 130
67 18 150
67 19 168
67 20 236
67 21 218
67 22 198
67 23 180
67 24 160
67 25 142
67 26 122
67 27 104
67 28 124
67 29 142
67 30 210
67 31 192
67 32 172
67 33 154
67 34 134
67 35 116
67 36 96
67 37 78
67 38 98
67 39 116
67 40 184
67 41 166
67 42 146
67 43 128
67 44 108
67 45 90
67 46 70
67 47 52
67 48 72
67 49 90
67 50 158
67 51 140
67 52 120
67 53 102
67 54 82
67 55 64
67 56 44
67 57 26
67 58 46
67 59 64
67 60 132
67 61 114
67 62 94
67 63 76
67 64 56
67 65 38
67 66 18
67 67 0
67 68 20
67 69 38
67 70 158
67 71 140
67 72 120
67 73 102
67 74 82
67 75 64
67 76 44
67 77 26
67 78 46
67 79 64
67 80 183
67 81 165
67 82 145
67 83 127
67 84 107
67 85 89
67 86 69
67 87 51
67 88 71
67 89 89
68 0 307
68 1 289
68 2 269
68 3 251
68 4 231
68 5 213
68 6 193
68 7 175
68 8 155
68 9 173
68 10 282
68 11 264
68 12 244
68 13 226
68 14 206
68 15 188
68 16 168
68 17 150
68 18 130
68 19 148
68 20 256
68 21 238
68 22 218
68 23 200
68 24 180
68 25 162
68 26 142
68 27 124
68 28 104
68 29 122
68 30 230
68 31 212
68 32 192
68 33 174
68 34 154
68 35 136
68 36 116
68 37 98
68 38 78
68 39 96
68 40 204
68 41 186
68 42 166
68 43 148
68 44 128
68 45 110
68 46 90
68 47 72
68 48 52
68 49 70
68 50 178
68 51 160
68 52 140
68 53 122
68 54 102
68 55 84
68 56 64
68 57 46
68 58 26
68 59 44
68 60 152
68 61 134
68 62 114
68 63 96
68 64 76
68 65 58
68 66 38
68 67 20
68 68 0
68 69 18
68 70 178
68 71 160
68 72 140
68 73 122
68 74 102
68 75 84
68 76 64
68 77 46
68 78 26
68 79 44
68 80 203
68 81 185
68 82 165
68 83 147
68 84 127
68 85 109
68 86 89
68 87 71
68 88 51
68 89 69
69 0 325
69 1 307
69 2 287
69 3 269
69 4 249
69 5 231
69 6 211
69 7 193
69 8 173
69 9 155
69 10 300
69 11 282
69 12 262
69 13 244
69 14 224
69 15 206
69 16 186
69 17 168
69 18 148
69 19 130
69 20 274
69 21 256
69 22 236
69 23 218
69 24 198
69 25 180
69 26 160
69 27 142
69 28 122
69 29 104
69 30 248
69 31 230
69 32 210
69 33 192
69 34 172
69 35 154
69 36 134
69 37 116
69 38 96
69 39 78
69 40 222
69 41 204
69 42 184
69 43 166
69 44 146
69 45 128
69 46 108
69 47 90
69 48 70
69 49 52
69 50 196
69 51 178
69 52 158
69 53 140
69 54 120
69 55 102
69 56 82
69 57 64
69 58 44
69 59 26
69 60 170
69 61 152
69 62 132
69 63 114
69 64 94
69 65 76
69 66 56
69 67 38
69 68 18
69 69 0
69 70 196
69 71 178
69 72 158
69 73 140
69 74 120
69 75 102
69 76 82
69 77 64
69 78 44
69 79 26
69 80 221
69 81 203
69 82 183
69 83 165
69 84 145
69 85 127
69 86 107
69 87 89
69 88 69
69 89 51
70 0 181
70 1 199
70 2 219
70 3 237
70 4 257
70 5 275
70 6 295
70 7 313
70 8 333
70 9 351
70 10 156
70 11 174
70 12 194
70 13 212
70 14 232
70 15 250
70 16 270
70 17 288
70 18 308
70 19 326
70 20 130
70 21 148
70 22 168
70 23 186
70 24 206
70 25 224
70 26 244
70 27 262
70 28 282
70 29 300
70 30 104
70 31 122
70 32 142
70 33 160
70 34 180
70 35 198
70 36 218
70 37 236
70 38 256
70 39 274
70 40 78
70 41 96
70 42 116
70 43 134
70 44 154
70 45 172
70 46 192
70 47 210
70 48 230
70 49 248
70 50 52
70 51 70
70 52 90
70 53 108
70 54 128
70 55 146
70 56 166
70 57 184
70 58 204
70 59 222
70 60 26
70 61 44
70 62 64
70 63 82
70 64 102
70 65 120
70 66 140
70 67 158
70 68 178
70 69 196
70 70 0
70 71 18
70 72 38
70 73 56
70 74 76
70 75 94
70 76 114
70 77 132
70 78 152
70 79 170
70 80 25
70 81 43
70 82 63
70 83 81
70 84 101
70 85 119
70 86 139
70 87 157
70 88 177
70 89 195
71 0 199
71 1 181
71 2 201
71 3 219
71 4 239
71 5 257
71 6 277
71 7 295
71 8 315
71 9 333
71 10 174
71 11 156
71 12 176
71 13 194
71 14 214
71 15 232
71 16 252
71 17 270
71 18 290
71 19 308
71 20 148
71 21 130
71 22 150
71 23 168
71 24 188
71 25 206
71 26 226
71 27 244
71 28 264
71 29 282
71 30 122
71 31 104
71 32 124
71 33 142
71 34 162
71 35 180
71 36 200
71 37 218
71 38 238
71 39 256
71 40 96
71 41 78
71 42 98
71 43 116
71 44 136
71 45 154
71 46 174
71 47 192
71 48 212
71 49 230
71 50 70
71 51 52
71 52 72
71 53 90
71 54 110
71 55 128
71 56 148
71 57 166
71 58 186
71 59 204
71 60 44
71 61 26
71 62 46
71 63 64
71 64 84
71 65 102
71 66 122
71 67 140
71 68 160
71 69 178
71 70 18
71 71 0
71 72 20
71 73 38
71 74 58
71 75 76
71 76 96
71 77 114
71 78 134
71 79 152
71 80 43
71 81 25
71 82 45
71 83 63
71 84 83
71 85 101
71 86 121
71 87 139
71 88 159
71 89 177
72 0 219
72 1 201
72 2 181
72 3 199
72 4 219
72 5 237
72 6 257
72 7 275
72 8 295
72 9 313
72 10 194
72 11 176
72 12 156
72 13 174
72 14 194
72 15 212
72 16 232
72 17 250
72 18 270
72 19 288
72 20 168
72 21 150
72 22 130
72 23 148
72 24 168
72 25 186
72 26 206
72 27 224
72 28 244
72 29 262
72 30 142
72 31 124
72 32 104
72 33 122
72 34 142
72 35 160
72 36 180
72 37 198
72 38 218
72 39 236
72 40 116
72 41 98
72 42 78
72 43 96
72 44 116
72 45 134
72 46 154
72 47 172
72 48 192
72 49 210
72 50 90
72 51 72
72 52 52
72 53 70
72 54 90
72 55 108
72 56 128
72 57 146
72 58 166
72 59 184
72 60 64
72 61 46
72 62 26
72 63 44
72 64 64
72 65 82
72 66 102
72 67 120
72 68 140
72 69 158
72 70 38
72 71 20
72 72 0
72 73 18
72 74 38
72 75 56
72 76 76
72 77 94
72 78 114
72 79 132
72 80 63
72 81 45
72 82 25
72 83 43
72 84 63
72 85 81
72 86 101
72 87 119
72 88 139
72 89 157
73 0 237
73 1 219
73 2 199
73 3 181
73 4 201
73 5 219
73 6 239
73 7 257
73 8 277
73 9 295
73 10 212
73 11 194
73 12 174
73 13 156
73 14 176
73 15 194
73 16 214
73 17 232
73 18 252
73 19 270
73 20 186
73 21 168
73 22 148
73 23 130
73 24 150
73 25 168
73 26 188
73 27 206
73 28 226
73 29 244
73 30 160
73 31 142
73 32 122
73 33 104
73 34 124
73 35 142
73 36 162
73 37 180
73 38 200
73 39 218
73 40 134
73 41 116
73 42 96
73 43 78
73 44 98
73 45 116
73 46 136
73 47 154
73 48 174
73 49 192
73 50 108
73 51 90
73 52 70
73 53 52
73 54 72
73 55 90
73 56 110
73 57 128
73 58 148
73 59 166
73 60 82
73 61 64
73 62 44
73 63 26
73 64 46
73 65 64
73 66 84
73 67 102
73 68 122
73 69 140
73 70 56
73 71 38
73 72 18
73 73 0
73 74 20
73 75 38
73 76 58
73 77 76
73 78 96
73 79 114
73 80 81
73 81 63
73 82 43
73 83 25
73 84 45
73 85 63
73 86 83
73 87 101
73 88 121
73 89 139
74 0 257
74 1 239
74 2 219
74 3 201
74 4 181
74 5 199
74 6 219
74 7 237
74 8 257
74 9 275
74 10 232
74 11 214
74 12 194
74 13 176
74 14 156
74 15 174
74 16 194
74 17 212
74 18 232
74 19 250
74 20 206
74 21 188
74 22 168
74 23 150
74 24 130
74 25 148
74 26 168
74 27 186
74 28 206
74 29 224
74 30 180
74 31 162
74 32 142
74 33 124
74 34 104
74 35 122
74 36 142
74 37 160
74 38 180
74 39 198
74 40 154
74 41 136
74 42 116
74 43 98
74 44 78
74 45 96
74 46 116
74 47 134
74 48 154
74 49 172
74 50 128
74 51 110
74 52 90
74 53 72
74 54 52
74 55 70
74 56 90
74 57 108
74 58 128
74 59 146
74 60 102
74 61 84
74 62 64
74 63 46
74 64 26
74 65 44
74 66 64
74 67 82
74 68 102
74 69 120
74 70 76
74 71 58
74 72 38
74 73 20
74 74 0
74 75 18
74 76 38
74 77 56
74 78 76
74 79 94
74 80 101
74 81 83
74 82 63
74 83 45
74 84 25
74 85 43
74 86 63
74 87 81
74 88 101
74 89 119
75 0 275
75 1 257
75 2 237
75 3 219
75 4 199
75 5 181
75 6 201
75 7 219
75 8 239
75 9 257
75 10 250
75 11 232
75 12 212
75 13 194
75 14 174
75 15 156
75 16 176
75 17 194
75 18 214
75 19 232
75 20 224
75 21 206
75 22 186
75 23 168
75 24 148
75 25 130
75 26 150
75 27 168
75 28 188
75 29 206
75 30 198
75 31 180
75 32 160
75 33 142
75 34 122
75 35 104
75 36 124
75 37 142
75 38 162
75 39 180
75 40 172
75 41 154
75 42 134
75 43 116
75 44 96
75 45 78
75 46 98
75 47 116
75 48 136
75 49 154
75 50 146
75 51 128
75 52 108
75 53 90
75 54 70
75 55 52
75 56 72
75 57 90
75 58 110
75 59 128
75 60 120
75 61 102
75 62 82
75 63 64
75 64 44
75 65 26
75 66 46
75 67 64
75 68 84
75 69 102
75 70 94
75 71 76
75 72 56
75 73 38
75 74 18
75 75 0
75 76 20
75 77 38
75 78 58
75 79 76
75 80 119
75 81 101
75 82 81
75 83 63
75 84 43
75 85 25
75 86 45
75 87 63
75 88 83
75 89 101
76 0 295
76 1 277
76 2 257
76 3 239
76 4 219
76 5 201
76 6 181
76 7 199
76 8 219
76 9 237
76 10 270
76 11 252
76 12 232
76 13 214
76 14 194
76 15 176
76 16 156
76 17 174
76 18 194
76 19 212
76 20 244
76 21 226
76 22 206
76 23 188
76 24 168
76 25 150
76 26 130
76 27 148
76 28 168
76 29 186
76 30 218
76 31 200
76 32 180
76 33 162
76 34 142
76 35 124
76 36 104
76 37 122
76 38 142
76 39 160
76 40 192
76 41 174
76 42 154
76 43 136
76 44 116
76 45 98
76 46 78
76 47 96
76 48 116
76 49 134
76 50 166
76 51 148
76 52 128
76 53 110
76 54 90
76 55 72
76 56 52
76 57 70
76 58 90
76 59 108
76 60 140
76 61 122
76 62 102
76 63 84
76 64 64
76 65 46
76 66 26
76 67 44
76 68 64
76 69 82
76 70 114
76 71 96
76 72 76
76 73 58
76 74 38
76 75 20
76 76 0
76 77 18
76 78 38
76 79 56
76 80 139
76 81 121
76 82 101
76 83 83
76 84 63
76 85 45
76 86 25
76 87 43
76 88 63
76 89 81
77 0 313
77 1 295
77 2 275
77 3 257
77 4 237
77 5 219
77 6 199
77 7 181
77 8 201
77 9 219
77 10 288
77 11 270
77 12 250
77 13 232
77 14 212
77 15 194
77 16 174
77 17 156
77 18 176
77 19 194
77 20 262
77 21 244
77 22 224
77 23 206
77 24 186
77 25 168
77 26 148
77 27 130
77 28 150
77 29 168
77 30 236
77 31 218
77 32 198
77 33 180
77 34 160
77 35 142
77 36 122
77 37 104
77 38 124
77 39 142
77 40 210
77 41 192
77 42 172
77 43 154
77 44 134
77 45 116
77 46 96
77 47 78
77 48 98
77 49 116
77 50 184
77 51 166
77 52 146
77 53 128
77 54 108
77 55 90
77 56 70
77 57 52
77 58 72
77 59 90
77 60 158
77 61 140
77 62 120
77 63 102
77 64 82
77 65 64
77 66 44
77 67 26
77 68 46
77 69 64
77 70 132
77 71 114
77 72 94
77 73 76
77 74 56
77 75 38
77 76 18
77 77 0
77 78 20
77 79 38
77 80 157
77 81 139
77 82 119
77 83 101
77 84 81
77 85 63
77 86 43
77 87 25
77 88 45
77 89 63
78 0 333
78 1 315
78 2 295
78 3 277
78 4 257
78 5 239
78 6 219
78 7 201
78 8 181
78 9 199
78 10 308
78 11 290
78 12 270
78 13 252
78 14 232
78 15 214
78 16 194
78 17 176
78 18 156
78 19 174
78 20 282
78 21 264
78 22 244
78 23 226
78 24 206
78 25 188
78 26 168
78 27 150
78 28 130
78 29 148
78 30 256
78 31 238
78 32 218
78 33 200
78 34 180
78 35 162
78 36 142
78 37 124
78 38 104
78 39 122
78 40 230
78 41 212
78 42 192
78 43 174
78 44 154
78 45 136
78 46 116
78 47 98
78 48 78
78 49 96
78 50 204
78 51 186
78 52 166
78 53 148
78 54 128
78 55 110
78 56 90
78 57 72
78 58 52
78 59 70
78 60 178
78 61 160
78 62 140
78 63 122
78 64 102
78 65 84
78 66 64
78 67 46
78 68 26
78 69 44
78 70 152
78 71 134
78 72 114
78 73 96
78 74 76
78 75 58
78 76 38
78 77 20
78 78 0
78 79 18
78 80 177
78 81 159
78 82 139
78 83 121
78 84 101
78 85 83
78 86 63
78 87 45
78 88 25
78 89 43
79 0 351
79 1 333
79 2 313
79 3 295
79 4 275
79 5 257
79 6 237
79 7 219
79 8 199
79 9 181
79 10 326
79 11 308
79 12 288
79 13 270
79 14 250
79 15 232
79 16 212
79 17 194
79 18 174
79 19 156
79 20 300
79 21 282
79 22 262
79 23 244
79 24 224
79 25 206
79 26 186
79 27 168
79 28 148
79 29 130
79 30 274
79 31 256
79 32 236
79 33 218
79 34 198
79 35 180
79 36 160
79 37 142
79 38 122
79 39 104
79 40 248
79 41 230
79 42 210
79 43 192
79 44 172
79 45 154
79 46 134
79 47 116
79 48 96
79 49 78
79 50 222
79 51 204
79 52 184
79 53 166
79 54 146
79 55 128
79 56 108
79 57 90
79 58 70
79 59 52
79 60 196
79 61 178
79 62 158
79 63 140
79 64 120
79 65 102
79 66 82
79 67 64
79 68 44
79 69 26
79 70 170
79 71 152
79 72 132
79 73 114
79 74 94
79 75 76
79 76 56
79 77 38
79 78 18
79 79 0
79 80 195
79 81 177
79 82 157
79 83 139
79 84 119
79 85 101
79 86 81
79 87 63
79 88 43
79 89 25
80 0 206
80 1 224
80 2 244
80 3 262
80 4 282
80 5 300
80 6 320
80 7 338
80 8 358
80 9 376
80 10 181
80 11 199
80 12 219
80 13 237
80 14 257
80 15 275
80 16 295
80 17 313
80 18 333
80 19 351
80 20 155
80 21 173
80 22 193
80 23 211
80 24 231
80 25 249
80 26 269
80 27 287
80 28 307
80 29 325
80 30 129
80 31 147
80 32 167
80 33 185
80 34 205
80 35 223
80 36 243
80 37 261
80 38 281
80 39 299
80 40 103
80 41 121
80 42 141
80 43 159
80 44 179
80 45 197
80 46 217
80 47 235
80 48 255
80 49 273
80 50 77
80 51 95
80 52 115
80 53 133
80 54 153
80 55 171
80 56 191
80 57 209
80 58 229
80 59 247
80 60 51
80 61 69
80 62 89
80 63 107
80 64 127
80 65 145
80 66 165
80 67 183
80 68 203
80 69 221
80 70 25
80 71 43
80 72 63
80 73 81
80 74 101
80 75 119
80 76 139
80 77 157
80 78 177
80 79 195
80 80 0
80 81 18
80 82 38
80 83 56
80 84 76
80 85 94
80 86 114
80 87 132
80 88 152
80 89 170
81 0 224
81 1 206
81 2 226
81 3 244
81 4 264
81 5 282
81 6 302
81 7 320
81 8 340
81 9 358
81 10 199
81 11 181
81 12 201
81 13 219
81 14 239
81 15 257
81 16 277
81 17 295
81 18 315
81 19 333
81 20 173
81 21 155
81 22 175
81 23 193
81 24 213
81 25 231
81 26 251
81 27 269
81 28 289
81 29 307
81 30 147
81 31 129
81 32 149
81 33 167
81 34 187
81 35 205
81 36 225
81 37 243
81 38 263
81 39 281
81 40 121
81 41 103
81 42 123
81 43 141
81 44 161
81 45 179
81 46 199
81 47 217
81 48 237
81 49 255
81 50 95
81 51 77
81 52 97
81 53 115
81 54 135
81 55 153
81 56 173
81 57 191
81 58 211
81 59 229
81 60 69
81 61 51
81 62 71
81 63 89
81 64 109
81 65 127
81 66 147
81 67 165
81 68 185
81 69 203
81 70 43
81 71 25
81 72 45
81 73 63
81 74 83
81 75 101
81 76 121
81 77 139
81 78 159
81 79 177
81 80 18
81 81 0
81 82 20
81 83 38
81 84 58
81 85 76
81 86 96
81 87 114
81 88 134
81 89 152
82 0 244
82 1 226
82 2 206
82 3 224
82 4 244
82 5 262
82 6 282
82 7 300
82 8 320
82 9 338
82 10 219
82 11 201
82 12 181
82 13 199
82 14 219
82 15 237
82 16 257
82 17 275
82 18 295
82 19 313
82 20 193
82 21 175
82 22 155
82 23 173
82 24 193
82 25 211
82 26 231
82 27 249
82 28 269
82 29 287
82 30 167
82 31 149
82 32 129
82 33 147
82 34 167
82 35 185
82 36 205
82 37 223
82 38 243
82 39 261
82 40 141
82 41 123
82 42 103
82 43 121
82 44 141
82 45 159
82 46 179
82 47 197
82 48 217
82 49 235
82 50 115
82 51 97
82 52 77
82 53 95
82 54 115
82 55 133
82 56 153
82 57 171
82 58 191
82 59 209
82 60 89
82 61 71
82 62 51
82 63 69
82 64 89
82 65 107
82 66 127
82 67 145
82 68 165
82 69 183
82 70 63
82 71 45
82 72 25
82 73 43
82 74 63
82 75 81
82 76 101
82 77 119
82 78 139
82 79 157
82 80 38
82 81 20
82 82 0
82 83 18
82 84 38
82 85 56
82 86 76
82 87 94
82 88 114
82 89 132
83 0 262
83 1 244
83 2 224
83 3 206
83 4 226
83 5 244
83 6 264
83 7 282
83 8 302
83 9 320
83 10 237
83 11 219
83 12 199
83 13 181
83 14 201
83 15 219
83 16 239
83 17 257
83 18 277
83 19 295
83 20 211
83 21 193
83 22 173
83 23 155
83 24 175
83 25 193
83 26 213
83 27 231
83 28 251
83 29 269
83 30 185
83 31 167
83 32 147
83 33 129
83 34 149
83 35 167
83 36 187
83 37 205
83 38 225
83 39 243
83 40 159
83 41 141
83 42 121
83 43 103
83 44 123
83 45 141
83 46 161
83 47 179
83 48 199
83 49 217
83 50 133
83 51 115
83 52 95
83 53 77
83 54 97
83 55 115
83 56 135
83 57 153
83 58 173
83 59 191
83 60 107
83 61 89
83 62 69
83 63 51
83 64 71
83 65 89
83 66 109
83 67 127
83 68 147
83 69 165
83 70 81
83 71 63
83 72 43
83 73 25
83 74 45
83 75 63
83 76 83
83 77 101
83 78 121
83 79 139
83 80 56
83 81 38
83 82 18
83 83 0
83 84 20
83 85 38
83 86 58
83 87 76
83 88 96
83 89 114
84 0 282
84 1 264
84 2 244
84 3 226
84 4 206
84 5 224
84 6 244
84 7 262
84 8 282
84 9 300
84 10 257
84 11 239
84 12 219
84 13 201
84 14 181
84 15 199
84 16 219
84 17 237
84 18 257
84 19 275
84 20 231
84 21 213
84 22 193
84 23 175
84 24 155
84 25 173
84 26 193
84 27 211
84 28 231
84 29 249
84 30 205
84 31 187
84 32 167
84 33 149
84 34 129
84 35 147
84 36 167
84 37 185
84 38 205
84 39 223
84 40 179
84 41 161
84 42 141
84 43 123
84 44 103
84 45 121
84 46 141
84 47 159
84 48 179
84 49 197
84 50 153
84 51 135
84 52 115
84 53 97
84 54 77
84 55 95
84 56 115
84 57 133
84 58 153
84 59 171
84 60 127
84 61 109
84 62 89
84 63 71
84 64 51
84 65 69
84 66 89
84 67 107
84 68 127
84 69 145
84 70 101
84 71 83
84 72 63
84 73 45
84 74 25
84 75 43
84 76 63
84 77 81
84 78 101
84 79 119
84 80 76
84 81 58
84 82 38
84 83 20
84 84 0
84 85 18
84 86 38
84 87 56
84 88 76
84 89 94
85 0 300
85 1 282
85 2 262
85 3 244
85 4 224
85 5 206
85 6 226
85 7 244
85 8 264
85 9 282
85 10 275
85 11 257
85 12 237
85 13 219
85 14 199
85 15 181
85 16 201
85 17 219
85 18 239
85 19 257
85 20 249
85 21 231
85 22 211
85 23 193
85 24 173
85 25 155
85 26 175
85 27 193
85 28 213
85 29 231
85 30 223
85 31 205
85 32 185
85 33 167
85 34 147
85 35 129
85 36 149
85 37 167
85 38 187
85 39 205
85 40 197
85 41 179
85 42 159
85 43 141
85 44 121
85 45 103
85 46 123
85 47 141
85 48 161
85 49 179
85 50 171
85 51 153
85 52 133
85 53 115
85 54 95
85 55 77
85 56 97
85 57 115
85 58 135
85 59 153
85 60 145
85 61 127
85 62 107
85 63 89
85 64 69
85 65 51
85 66 71
85 67 89
85 68 109
85 69 127
85 70 119
85 71 101
85 72 81
85 73 63
85 74 43
85 75 25
85 76 45
85 77 63
85 78 83
85 79 101
85 80 94
85 81 76
85 82 56
85 83 38
85 84 18
85 85 0
85 86 20
85 87 38
85 88 58
85 89 76
86 0 320
86 1 302
86 2 282
86 3 264
86 4 244
86 5 226
86 6 206
86 7 224
86 8 244
86 9 262
86 10 295
86 11 277
86 12 257
86 13 239
86 14 219
86 15 201
86 16 181
86 17 199
86 18 219
86 19 237
86 20 269
86 21 251
86 22 231
86 23 213
86 24 193
86 25 175
86 26 155
86 27 173
86 28 193
86 29 211
86 30 243
86 31 225
86 32 205
86 33 187
86 34 167
86 35 149
86 36 129
86 37 147
86 38 167
86 39 185
86 40 217
86 41 199
86 42 179
86 43 161
86 44 141
86 45 123
86 46 103
86 47 121
86 48 141
86 49 159
86 50 191
86 51 173
86 52 153
86 53 135
86 54 115
86 55 97
86 56 77
86 57 95
86 58 115
86 59 133
86 60 165
86 61 147
86 62 127
86 63 109
86 64 89
86 65 71
86 66 51
86 67 69
86 68 89
86 69 107
86 70 139
86 71 121
86 72 101
86 73 83
86 74 63
86 75 45
86 76 25
86 77 43
86 78 63
86 79 81
86 80 114
86 81 96
86 82 76
86 83 58
86 84 38
86 85 20
86 86 0
86 87 18
86 88 38
86 89 56
87 0 338
87 1 320
87 2 300
87 3 282
87 4 262
87 5 244
87 6 224
87 7 206
87 8 226
87 9 244
87 10 313
87 11 295
87 12 275
87 13 257
87 14 237
87 15 219
87 16 199
87 17 181
87 18 201
87 19 219
87 20 287
87 21 269
87 22 249
87 23 231
87 24 211
87 25 193
87 26 173
87 27 155
87 28 175
87 29 193
87 30 261
87 31 243
87 32 223
87 33 205
87 34 185
87 35 167
87 36 147
87 37 129
87 38 149
87 39 167
87 40 235
87 41 217
87 42 197
87 43 179
87 44 159
87 45 141
87 46 121
87 47 103
87 48 123
87 49 141
87 50 209
87 51 191
87 52 171
87 53 153
87 54 133
87 55 115
87 56 95
87 57 77
87 58 97
87 59 115
87 60 183
87 61 165
87 62 145
87 63 127
87 64 107
87 65 89
87 66 69
87 67 51
87 68 71
87 69 89
87 70 157
87 71 139
87 72 119
87 73 101
87 74 81
87 75 63
87 76 43
87 77 25
87 78 45
87 79 63
87 80 132
87 81 114
87 82 94
87 83 76
87 84 56
87 85 38
87 86 18
87 87 0
87 88 20
87 89 38
88 0 358
88 1 340
88 2 320
88 3 302
88 4 282
88 5 264
88 6 244
88 7 226
88 8 206
88 9 224
88 10 333
88 11 315
88 12 295
88 13 277
88 14 257
88 15 239
88 16 219
88 17 201
88 18 181
88 19 199
88 20 307
88 21 289
88 22 269
88 23 251
88 24 231
88 25 213
88 26 193
88 27 175
88 28 155
88 29 173
88 30 281
88 31 263
88 32 243
88 33 225
88 34 205
88 35 187
88 36 167
88 37 149
88 38 129
88 39 147
88 40 255
88 41 237
88 42 217
88 43 199
88 44 179
88 45 161
88 46 141
88 47 123
88 48 103
88 49 121
88 50 229
88 51 211
88 52 191
88 53 173
88 54 153
88 55 135
88 56 115
88 57 97
88 58 77
88 59 95
88 60 203
88 61 185
88 62 165
88 63 147
88 64 127
88 65 109
88 66 89
88 67 71
88 68 51
88 69 69
88 70 177
88 71 159
88 72 139
88 73 121
88 74 101
88 75 83
88 76 63
88 77 45
88 78 25
88 79 43
88 80 152
88 81 134
88 82 114
88 83 96
88 84 76
88 85 58
88 86 38
88 87 20
88 88 0
88 89 18
89 0 376
89 1 358
89 2 338
89 3 320
89 4 300
89 5 282
89 6 262
89 7 244
89 8 224
89 9 206
89 10 351
89 11 333
89 12 313
89 13 295
89 14 275
89 15 257
89 16 237
89 17 219
89 18 199
89 19 181
89 20 325
89 21 307
89 22 287
89 23 269
89 24 249
89 25 231
89 26 211
89 27 193
89 28 173
89 29 155
89 30 299
89 31 281
89 32 261
89 33 243
89 34 223
89 35 205
89 36 185
89 37 167
89 38 147
89 39 129
89 40 273
89 41 255
89 42 235
89 43 217
89 44 197
89 45 179
89 46 159
89 47 141
89 48 121
89 49 103
89 50 247
89 51 229
89 52 209
89 53 191
89 54 171
89 55 153
89 56 133
89 57 115
89 58 95
89 59 77
89 60 221
89 61 203
89 62 183
89 63 165
89 64 145
89 65 127
89 66 107
89 67 89
89 68 69
89 69 51
89 70 195
89 71 177
89 72 157
89 73 139
89 74 119
89 75 101
89 76 81
89 77 63
89 78 43
89 79 25
89 80 170
89 81 152
89 82 132
89 83 114
89 84 94
89 85 76
89 86 56
89 87 38
89 88 18
89 89 0
