70 
14 
53
3 3 3 3 18 18 18 18 18 18 3 3 3 3 18 18 18 18 18 18 3 3 3 3 18 18 3 3 3 3 2 2 10 10 10 10 10 2 2 2 2 2 10 10 10 10 10 2 2 2 2 2 10 10 10 10 10 2 2 2 2 2 2 2 2 2 2 2 2 2 
0 0 0
0 1 18
0 2 38
0 3 56
0 4 76
0 5 94
0 6 114
0 7 132
0 8 152
0 9 170
0 10 34
0 11 52
0 12 72
0 13 90
0 14 110
0 15 128
0 16 148
0 17 166
0 18 186
0 19 204
0 20 68
0 21 86
0 22 106
0 23 124
0 24 144
0 25 162
0 26 182
0 27 200
0 28 220
0 29 238
0 30 103
0 31 121
0 32 141
0 33 159
0 34 179
0 35 197
0 36 217
0 37 235
0 38 255
0 39 273
0 40 138
0 41 156
0 42 176
0 43 194
0 44 214
0 45 232
0 46 252
0 47 270
0 48 290
0 49 308
0 50 172
0 51 190
0 52 210
0 53 228
0 54 248
0 55 266
0 56 286
0 57 304
0 58 324
0 59 342
0 60 206
0 61 224
0 62 244
0 63 262
0 64 282
0 65 300
0 66 320
0 67 338
0 68 358
0 69 376
1 0 18
1 1 0
1 2 20
1 3 38
1 4 58
1 5 76
1 6 96
1 7 114
1 8 134
1 9 152
1 10 52
1 11 34
1 12 54
1 13 72
1 14 92
1 15 110
1 16 130
1 17 148
1 18 168
1 19 186
1 20 86
1 21 68
1 22 88
1 23 106
1 24 126
1 25 144
1 26 164
1 27 182
1 28 202
1 29 220
1 30 121
1 31 103
1 32 123
1 33 141
1 34 161
1 35 179
1 36 199
1 37 217
1 38 237
1 39 255
1 40 156
1 41 138
1 42 158
1 43 176
1 44 196
1 45 214
1 46 234
1 47 252
1 48 272
1 49 290
1 50 190
1 51 172
1 52 192
1 53 210
1 54 230
1 55 248
1 56 268
1 57 286
1 58 306
1 59 324
1 60 224
1 61 206
1 62 226
1 63 244
1 64 264
1 65 282
1 66 302
1 67 320
1 68 340
1 69 358
2 0 38
2 1 20
2 2 0
2 3 18
2 4 38
2 5 56
2 6 76
2 7 94
2 8 114
2 9 132
2 10 72
2 11 54
2 12 34
2 13 52
2 14 72
2 15 90
2 16 110
2 17 128
2 18 148
2 19 166
2 20 106
2 21 88
2 22 68
2 23 86
2 24 106
2 25 124
2 26 144
2 27 162
2 28 182
2 29 200
2 30 141
2 31 123
2 32 103
2 33 121
2 34 141
2 35 159
2 36 179
2 37 197
2 38 217
2 39 235
2 40 176
2 41 158
2 42 138
2 43 156
2 44 176
2 45 194
2 46 214
2 47 232
2 48 252
2 49 270
2 50 210
2 51 192
2 52 172
2 53 190
2 54 210
2 55 228
2 56 248
2 57 266
2 58 286
2 59 304
2 60 244
2 61 226
2 62 206
2 63 224
2 64 244
2 65 262
2 66 282
2 67 300
2 68 320
2 69 338
3 0 56
3 1 38
3 2 18
3 3 0
3 4 20
3 5 38
3 6 58
3 7 76
3 8 96
3 9 114
3 10 90
3 11 72
3 12 52
3 13 34
3 14 54
3 15 72
3 16 92
3 17 110
3 18 130
3 19 148
3 20 124
3 21 106
3 22 86
3 23 68
3 24 88
3 25 106
3 26 126
3 27 144
3 28 164
3 29 182
3 30 159
3 31 141
3 32 121
3 33 103
3 34 123
3 35 141
3 36 161
3 37 179
3 38 199
3 39 217
3 40 194
3 41 176
3 42 156
3 43 138
3 44 158
3 45 176
3 46 196
3 47 214
3 48 234
3 49 252
3 50 228
3 51 210
3 52 190
3 53 172
3 54 192
3 55 210
3 56 230
3 57 248
3 58 268
3 59 286
3 60 262
3 61 244
3 62 224
3 63 206
3 64 226
3 65 244
3 66 264
3 67 282
3 68 302
3 69 320
4 0 76
4 1 58
4 2 38
4 3 20
4 4 0
4 5 18
4 6 38
4 7 56
4 8 76
4 9 94
4 10 110
4 11 92
4 12 72
4 13 54
4 14 34
4 15 52
4 16 72
4 17 90
4 18 110
4 19 128
4 20 144
4 21 126
4 22 106
4 23 88
4 24 68
4 25 86
4 26 106
4 27 124
4 28 144
4 29 162
4 30 179
4 31 161
4 32 141
4 33 123
4 34 103
4 35 121
4 36 141
4 37 159
4 38 179
4 39 197
4 40 214
4 41 196
4 42 176
4 43 158
4 44 138
4 45 156
4 46 176
4 47 194
4 48 214
4 49 232
4 50 248
4 51 230
4 52 210
4 53 192
4 54 172
4 55 190
4 56 210
4 57 228
4 58 248
4 59 266
4 60 282
4 61 264
4 62 244
4 63 226
4 64 206
4 65 224
4 66 244
4 67 262
4 68 282
4 69 300
5 0 94
5 1 76
5 2 56
5 3 38
5 4 18
5 5 0
5 6 20
5 7 38
5 8 58
5 9 76
5 10 128
5 11 110
5 12 90
5 13 72
5 14 52
5 15 34
5 16 54
5 17 72
5 18 92
5 19 110
5 20 162
5 21 144
5 22 124
5 23 106
5 24 86
5 25 68
5 26 88
5 27 106
5 28 126
5 29 144
5 30 197
5 31 179
5 32 159
5 33 141
5 34 121
5 35 103
5 36 123
5 37 141
5 38 161
5 39 179
5 40 232
5 41 214
5 42 194
5 43 176
5 44 156
5 45 138
5 46 158
5 47 176
5 48 196
5 49 214
5 50 266
5 51 248
5 52 228
5 53 210
5 54 190
5 55 172
5 56 192
5 57 210
5 58 230
5 59 248
5 60 300
5 61 282
5 62 262
5 63 244
5 64 224
5 65 206
5 66 226
5 67 244
5 68 264
5 69 282
6 0 114
6 1 96
6 2 76
6 3 58
6 4 38
6 5 20
6 6 0
6 7 18
6 8 38
6 9 56
6 10 148
6 11 130
6 12 110
6 13 92
6 14 72
6 15 54
6 16 34
6 17 52
6 18 72
6 19 90
6 20 182
6 21 164
6 22 144
6 23 126
6 24 106
6 25 88
6 26 68
6 27 86
6 28 106
6 29 124
6 30 217
6 31 199
6 32 179
6 33 161
6 34 141
6 35 123
6 36 103
6 37 121
6 38 141
6 39 159
6 40 252
6 41 234
6 42 214
6 43 196
6 44 176
6 45 158
6 46 138
6 47 156
6 48 176
6 49 194
6 50 286
6 51 268
6 52 248
6 53 230
6 54 210
6 55 192
6 56 172
6 57 190
6 58 210
6 59 228
6 60 320
6 61 302
6 62 282
6 63 264
6 64 244
6 65 226
6 66 206
6 67 224
6 68 244
6 69 262
7 0 132
7 1 114
7 2 94
7 3 76
7 4 56
7 5 38
7 6 18
7 7 0
7 8 20
7 9 38
7 10 166
7 11 148
7 12 128
7 13 110
7 14 90
7 15 72
7 16 52
7 17 34
7 18 54
7 19 72
7 20 200
7 21 182
7 22 162
7 23 144
7 24 124
7 25 106
7 26 86
7 27 68
7 28 88
7 29 106
7 30 235
7 31 217
7 32 197
7 33 179
7 34 159
7 35 141
7 36 121
7 37 103
7 38 123
7 39 141
7 40 270
7 41 252
7 42 232
7 43 214
7 44 194
7 45 176
7 46 156
7 47 138
7 48 158
7 49 176
7 50 304
7 51 286
7 52 266
7 53 248
7 54 228
7 55 210
7 56 190
7 57 172
7 58 192
7 59 210
7 60 338
7 61 320
7 62 300
7 63 282
7 64 262
7 65 244
7 66 224
7 67 206
7 68 226
7 69 244
8 0 152
8 1 134
8 2 114
8 3 96
8 4 76
8 5 58
8 6 38
8 7 20
8 8 0
8 9 18
8 10 186
8 11 168
8 12 148
8 13 130
8 14 110
8 15 92
8 16 72
8 17 54
8 18 34
8 19 52
8 20 220
8 21 202
8 22 182
8 23 164
8 24 144
8 25 126
8 26 106
8 27 88
8 28 68
8 29 86
8 30 255
8 31 237
8 32 217
8 33 199
8 34 179
8 35 161
8 36 141
8 37 123
8 38 103
8 39 121
8 40 290
8 41 272
8 42 252
8 43 234
8 44 214
8 45 196
8 46 176
8 47 158
8 48 138
8 49 156
8 50 324
8 51 306
8 52 286
8 53 268
8 54 248
8 55 230
8 56 210
8 57 192
8 58 172
8 59 190
8 60 358
8 61 340
8 62 320
8 63 302
8 64 282
8 65 264
8 66 244
8 67 226
8 68 206
8 69 224
9 0 170
9 1 152
9 2 132
9 3 114
9 4 94
9 5 76
9 6 56
9 7 38
9 8 18
9 9 0
9 10 204
9 11 186
9 12 166
9 13 148
9 14 128
9 15 110
9 16 90
9 17 72
9 18 52
9 19 34
9 20 238
9 21 220
9 22 200
9 23 182
9 24 162
9 25 144
9 26 124
9 27 106
9 28 86
9 29 68
9 30 273
9 31 255
9 32 235
9 33 217
9 34 197
9 35 179
9 36 159
9 37 141
9 38 121
9 39 103
9 40 308
9 41 290
9 42 270
9 43 252
9 44 232
9 45 214
9 46 194
9 47 176
9 48 156
9 49 138
9 50 342
9 51 324
9 52 304
9 53 286
9 54 266
9 55 248
9 56 228
9 57 210
9 58 190
9 59 172
9 60 376
9 61 358
9 62 338
9 63 320
9 64 300
9 65 282
9 66 262
9 67 244
9 68 224
9 69 206
10 0 34
10 1 52
10 2 72
10 3 90
10 4 110
10 5 128
10 6 148
10 7 166
10 8 186
10 9 204
10 10 0
10 11 18
10 12 38
10 13 56
10 14 76
10 15 94
10 16 114
10 17 132
10 18 152
10 19 170
10 20 34
10 21 52
10 22 72
10 23 90
10 24 110
10 25 128
10 26 148
10 27 166
10 28 186
10 29 204
10 30 69
10 31 87
10 32 107
10 33 125
10 34 145
10 35 163
10 36 183
10 37 201
10 38 221
10 39 239
10 40 104
10 41 122
10 42 142
10 43 160
10 44 180
10 45 198
10 46 218
10 47 236
10 48 256
10 49 274
10 50 138
10 51 156
10 52 176
10 53 194
10 54 214
10 55 232
10 56 252
10 57 270
10 58 290
10 59 308
10 60 172
10 61 190
10 62 210
10 63 228
10 64 248
10 65 266
10 66 286
10 67 304
10 68 324
10 69 342
11 0 52
11 1 34
11 2 54
11 3 72
11 4 92
11 5 110
11 6 130
11 7 148
11 8 168
11 9 186
11 10 18
11 11 0
11 12 20
11 13 38
11 14 58
11 15 76
11 16 96
11 17 114
11 18 134
11 19 152
11 20 52
11 21 34
11 22 54
11 23 72
11 24 92
11 25 110
11 26 130
11 27 148
11 28 168
11 29 186
11 30 87
11 31 69
11 32 89
11 33 107
11 34 127
11 35 145
11 36 165
11 37 183
11 38 203
11 39 221
11 40 122
11 41 104
11 42 124
11 43 142
11 44 162
11 45 180
11 46 200
11 47 218
11 48 238
11 49 256
11 50 156
11 51 138
11 52 158
11 53 176
11 54 196
11 55 214
11 56 234
11 57 252
11 58 272
11 59 290
11 60 190
11 61 172
11 62 192
11 63 210
11 64 230
11 65 248
11 66 268
11 67 286
11 68 306
11 69 324
12 0 72
12 1 54
12 2 34
12 3 52
12 4 72
12 5 90
12 6 110
12 7 128
12 8 148
12 9 166
12 10 38
12 11 20
12 12 0
12 13 18
12 14 38
12 15 56
12 16 76
12 17 94
12 18 114
12 19 132
12 20 72
12 21 54
12 22 34
12 23 52
12 24 72
12 25 90
12 26 110
12 27 128
12 28 148
12 29 166
12 30 107
12 31 89
12 32 69
12 33 87
12 34 107
12 35 125
12 36 145
12 37 163
12 38 183
12 39 201
12 40 142
12 41 124
12 42 104
12 43 122
12 44 142
12 45 160
12 46 180
12 47 198
12 48 218
12 49 236
12 50 176
12 51 158
12 52 138
12 53 156
12 54 176
12 55 194
12 56 214
12 57 232
12 58 252
12 59 270
12 60 210
12 61 192
12 62 172
12 63 190
12 64 210
12 65 228
12 66 248
12 67 266
12 68 286
12 69 304
13 0 90
13 1 72
13 2 52
13 3 34
13 4 54
13 5 72
13 6 92
13 7 110
13 8 130
13 9 148
13 10 56
13 11 38
13 12 18
13 13 0
13 14 20
13 15 38
13 16 58
13 17 76
13 18 96
13 19 114
13 20 90
13 21 72
13 22 52
13 23 34
13 24 54
13 25 72
13 26 92
13 27 110
13 28 130
13 29 148
13 30 125
13 31 107
13 32 87
13 33 69
13 34 89
13 35 107
13 36 127
13 37 145
13 38 165
13 39 183
13 40 160
13 41 142
13 42 122
13 43 104
13 44 124
13 45 142
13 46 162
13 47 180
13 48 200
13 49 218
13 50 194
13 51 176
13 52 156
13 53 138
13 54 158
13 55 176
13 56 196
13 57 214
13 58 234
13 59 252
13 60 228
13 61 210
13 62 190
13 63 172
13 64 192
13 65 210
13 66 230
13 67 248
13 68 268
13 69 286
14 0 110
14 1 92
14 2 72
14 3 54
14 4 34
14 5 52
14 6 72
14 7 90
14 8 110
14 9 128
14 10 76
14 11 58
14 12 38
14 13 20
14 14 0
14 15 18
14 16 38
14 17 56
14 18 76
14 19 94
14 20 110
14 21 92
14 22 72
14 23 54
14 24 34
14 25 52
14 26 72
14 27 90
14 28 110
14 29 128
14 30 145
14 31 127
14 32 107
14 33 89
14 34 69
14 35 87
14 36 107
14 37 125
14 38 145
14 39 163
14 40 180
14 41 162
14 42 142
14 43 124
14 44 104
14 45 122
14 46 142
14 47 160
14 48 180
14 49 198
14 50 214
14 51 196
14 52 176
14 53 158
14 54 138
14 55 156
14 56 176
14 57 194
14 58 214
14 59 232
14 60 248
14 61 230
14 62 210
14 63 192
14 64 172
14 65 190
14 66 210
14 67 228
14 68 248
14 69 266
15 0 128
15 1 110
15 2 90
15 3 72
15 4 52
15 5 34
15 6 54
15 7 72
15 8 92
15 9 110
15 10 94
15 11 76
15 12 56
15 13 38
15 14 18
15 15 0
15 16 20
15 17 38
15 18 58
15 19 76
15 20 128
15 21 110
15 22 90
15 23 72
15 24 52
15 25 34
15 26 54
15 27 72
15 28 92
15 29 110
15 30 163
15 31 145
15 32 125
15 33 107
15 34 87
15 35 69
15 36 89
15 37 107
15 38 127
15 39 145
15 40 198
15 41 180
15 42 160
15 43 142
15 44 122
15 45 104
15 46 124
15 47 142
15 48 162
15 49 180
15 50 232
15 51 214
15 52 194
15 53 176
15 54 156
15 55 138
15 56 158
15 57 176
15 58 196
15 59 214
15 60 266
15 61 248
15 62 228
15 63 210
15 64 190
15 65 172
15 66 192
15 67 210
15 68 230
15 69 248
16 0 148
16 1 130
16 2 110
16 3 92
16 4 72
16 5 54
16 6 34
16 7 52
16 8 72
16 9 90
16 10 114
16 11 96
16 12 76
16 13 58
16 14 38
16 15 20
16 16 0
16 17 18
16 18 38
16 19 56
16 20 148
16 21 130
16 22 110
16 23 92
16 24 72
16 25 54
16 26 34
16 27 52
16 28 72
16 29 90
16 30 183
16 31 165
16 32 145
16 33 127
16 34 107
16 35 89
16 36 69
16 37 87
16 38 107
16 39 125
16 40 218
16 41 200
16 42 180
16 43 162
16 44 142
16 45 124
16 46 104
16 47 122
16 48 142
16 49 160
16 50 252
16 51 234
16 52 214
16 53 196
16 54 176
16 55 158
16 56 138
16 57 156
16 58 176
16 59 194
16 60 286
16 61 268
16 62 248
16 63 230
16 64 210
16 65 192
16 66 172
16 67 190
16 68 210
16 69 228
17 0 166
17 1 148
17 2 128
17 3 110
17 4 90
17 5 72
17 6 52
17 7 34
17 8 54
17 9 72
17 10 132
17 11 114
17 12 94
17 13 76
17 14 56
17 15 38
17 16 18
17 17 0
17 18 20
17 19 38
17 20 166
17 21 148
17 22 128
17 23 110
17 24 90
17 25 72
17 26 52
17 27 34
17 28 54
17 29 72
17 30 201
17 31 183
17 32 163
17 33 145
17 34 125
17 35 107
17 36 87
17 37 69
17 38 89
17 39 107
17 40 236
17 41 218
17 42 198
17 43 180
17 44 160
17 45 142
17 46 122
17 47 104
17 48 124
17 49 142
17 50 270
17 51 252
17 52 232
17 53 214
17 54 194
17 55 176
17 56 156
17 57 138
17 58 158
17 59 176
17 60 304
17 61 286
17 62 266
17 63 248
17 64 228
17 65 210
17 66 190
17 67 172
17 68 192
17 69 210
18 0 186
18 1 168
18 2 148
18 3 130
18 4 110
18 5 92
18 6 72
18 7 54
18 8 34
18 9 52
18 10 152
18 11 134
18 12 114
18 13 96
18 14 76
18 15 58
18 16 38
18 17 20
18 18 0
18 19 18
18 20 186
18 21 168
18 22 148
18 23 130
18 24 110
18 25 92
18 26 72
18 27 54
18 28 34
18 29 52
18 30 221
18 31 203
18 32 183
18 33 165
18 34 145
18 35 127
18 36 107
18 37 89
18 38 69
18 39 87
18 40 256
18 41 238
18 42 218
18 43 200
18 44 180
18 45 162
18 46 142
18 47 124
18 48 104
18 49 122
18 50 290
18 51 272
18 52 252
18 53 234
18 54 214
18 55 196
18 56 176
18 57 158
18 58 138
18 59 156
18 60 324
18 61 306
18 62 286
18 63 268
18 64 248
18 65 230
18 66 210
18 67 192
18 68 172
18 69 190
19 0 204
19 1 186
19 2 166
19 3 148
19 4 128
19 5 110
19 6 90
19 7 72
19 8 52
19 9 34
19 10 170
19 11 152
19 12 132
19 13 114
19 14 94
19 15 76
19 16 56
19 17 38
19 18 18
19 19 0
19 20 204
19 21 186
19 22 166
19 23 148
19 24 128
19 25 110
19 26 90
19 27 72
19 28 52
19 29 34
19 30 239
19 31 221
19 32 201
19 33 183
19 34 163
19 35 145
19 36 125
19 37 107
19 38 87
19 39 69
19 40 274
19 41 256
19 42 236
19 43 218
19 44 198
19 45 180
19 46 160
19 47 142
19 48 122
19 49 104
19 50 308
19 51 290
19 52 270
19 53 252
19 54 232
19 55 214
19 56 194
19 57 176
19 58 156
19 59 138
19 60 342
19 61 324
19 62 304
19 63 286
19 64 266
19 65 248
19 66 228
19 67 210
19 68 190
19 69 172
20 0 68
20 1 86
20 2 106
20 3 124
20 4 144
20 5 162
20 6 182
20 7 200
20 8 220
20 9 238
20 10 34
20 11 52
20 12 72
20 13 90
20 14 110
20 15 128
20 16 148
20 17 166
20 18 186
20 19 204
20 20 0
20 21 18
20 22 38
20 23 56
20 24 76
20 25 94
20 26 114
20 27 132
20 28 152
20 29 170
20 30 35
20 31 53
20 32 73
20 33 91
20 34 111
20 35 129
20 36 149
20 37 167
20 38 187
20 39 205
20 40 70
20 41 88
20 42 108
20 43 126
20 44 146
20 45 164
20 46 184
20 47 202
20 48 222
20 49 240
20 50 104
20 51 122
20 52 142
20 53 160
20 54 180
20 55 198
20 56 218
20 57 236
20 58 256
20 59 274
20 60 138
20 61 156
20 62 176
20 63 194
20 64 214
20 65 232
20 66 252
20 67 270
20 68 290
20 69 308
21 0 86
21 1 68
21 2 88
21 3 106
21 4 126
21 5 144
21 6 164
21 7 182
21 8 202
21 9 220
21 10 52
21 11 34
21 12 54
21 13 72
21 14 92
21 15 110
21 16 130
21 17 148
21 18 168
21 19 186
21 20 18
21 21 0
21 22 20
21 23 38
21 24 58
21 25 76
21 26 96
21 27 114
21 28 134
21 29 152
21 30 53
21 31 35
21 32 55
21 33 73
21 34 93
21 35 111
21 36 131
21 37 149
21 38 169
21 39 187
21 40 88
21 41 70
21 42 90
21 43 108
21 44 128
21 45 146
21 46 166
21 47 184
21 48 204
21 49 222
21 50 122
21 51 104
21 52 124
21 53 142
21 54 162
21 55 180
21 56 200
21 57 218
21 58 238
21 59 256
21 60 156
21 61 138
21 62 158
21 63 176
21 64 196
21 65 214
21 66 234
21 67 252
21 68 272
21 69 290
22 0 106
22 1 88
22 2 68
22 3 86
22 4 106
22 5 124
22 6 144
22 7 162
22 8 182
22 9 200
22 10 72
22 11 54
22 12 34
22 13 52
22 14 72
22 15 90
22 16 110
22 17 128
22 18 148
22 19 166
22 20 38
22 21 20
22 22 0
22 23 18
22 24 38
22 25 56
22 26 76
22 27 94
22 28 114
22 29 132
22 30 73
22 31 55
22 32 35
22 33 53
22 34 73
22 35 91
22 36 111
22 37 129
22 38 149
22 39 167
22 40 108
22 41 90
22 42 70
22 43 88
22 44 108
22 45 126
22 46 146
22 47 164
22 48 184
22 49 202
22 50 142
22 51 124
22 52 104
22 53 122
22 54 142
22 55 160
22 56 180
22 57 198
22 58 218
22 59 236
22 60 176
22 61 158
22 62 138
22 63 156
22 64 176
22 65 194
22 66 214
22 67 232
22 68 252
22 69 270
23 0 124
23 1 106
23 2 86
23 3 68
23 4 88
23 5 106
23 6 126
23 7 144
23 8 164
23 9 182
23 10 90
23 11 72
23 12 52
23 13 34
23 14 54
23 15 72
23 16 92
23 17 110
23 18 130
23 19 148
23 20 56
23 21 38
23 22 18
23 23 0
23 24 20
23 25 38
23 26 58
23 27 76
23 28 96
23 29 114
23 30 91
23 31 73
23 32 53
23 33 35
23 34 55
23 35 73
23 36 93
23 37 111
23 38 131
23 39 149
23 40 126
23 41 108
23 42 88
23 43 70
23 44 90
23 45 108
23 46 128
23 47 146
23 48 166
23 49 184
23 50 160
23 51 142
23 52 122
23 53 104
23 54 124
23 55 142
23 56 162
23 57 180
23 58 200
23 59 218
23 60 194
23 61 176
23 62 156
23 63 138
23 64 158
23 65 176
23 66 196
23 67 214
23 68 234
23 69 252
24 0 144
24 1 126
24 2 106
24 3 88
24 4 68
24 5 86
24 6 106
24 7 124
24 8 144
24 9 162
24 10 110
24 11 92
24 12 72
24 13 54
24 14 34
24 15 52
24 16 72
24 17 90
24 18 110
24 19 128
24 20 76
24 21 58
24 22 38
24 23 20
24 24 0
24 25 18
24 26 38
24 27 56
24 28 76
24 29 94
24 30 111
24 31 93
24 32 73
24 33 55
24 34 35
24 35 53
24 36 73
24 37 91
24 38 111
24 39 129
24 40 146
24 41 128
24 42 108
24 43 90
24 44 70
24 45 88
24 46 108
24 47 126
24 48 146
24 49 164
24 50 180
24 51 162
24 52 142
24 53 124
24 54 104
24 55 122
24 56 142
24 57 160
24 58 180
24 59 198
24 60 214
24 61 196
24 62 176
24 63 158
24 64 138
24 65 156
24 66 176
24 67 194
24 68 214
24 69 232
25 0 162
25 1 144
25 2 124
25 3 106
25 4 86
25 5 68
25 6 88
25 7 106
25 8 126
25 9 144
25 10 128
25 11 110
25 12 90
25 13 72
25 14 52
25 15 34
25 16 54
25 17 72
25 18 92
25 19 110
25 20 94
25 21 76
25 22 56
25 23 38
25 24 18
25 25 0
25 26 20
25 27 38
25 28 58
25 29 76
25 30 129
25 31 111
25 32 91
25 33 73
25 34 53
25 35 35
25 36 55
25 37 73
25 38 93
25 39 111
25 40 164
25 41 146
25 42 126
25 43 108
25 44 88
25 45 70
25 46 90
25 47 108
25 48 128
25 49 146
25 50 198
25 51 180
25 52 160
25 53 142
25 54 122
25 55 104
25 56 124
25 57 142
25 58 162
25 59 180
25 60 232
25 61 214
25 62 194
25 63 176
25 64 156
25 65 138
25 66 158
25 67 176
25 68 196
25 69 214
26 0 182
26 1 164
26 2 144
26 3 126
26 4 106
26 5 88
26 6 68
26 7 86
26 8 106
26 9 124
26 10 148
26 11 130
26 12 110
26 13 92
26 14 72
26 15 54
26 16 34
26 17 52
26 18 72
26 19 90
26 20 114
26 21 96
26 22 76
26 23 58
26 24 38
26 25 20
26 26 0
26 27 18
26 28 38
26 29 56
26 30 149
26 31 131
26 32 111
26 33 93
26 34 73
26 35 55
26 36 35
26 37 53
26 38 73
26 39 91
26 40 184
26 41 166
26 42 146
26 43 128
26 44 108
26 45 90
26 46 70
26 47 88
26 48 108
26 49 126
26 50 218
26 51 200
26 52 180
26 53 162
26 54 142
26 55 124
26 56 104
26 57 122
26 58 142
26 59 160
26 60 252
26 61 234
26 62 214
26 63 196
26 64 176
26 65 158
26 66 138
26 67 156
26 68 176
26 69 194
27 0 200
27 1 182
27 2 162
27 3 144
27 4 124
27 5 106
27 6 86
27 7 68
27 8 88
27 9 106
27 10 166
27 11 148
27 12 128
27 13 110
27 14 90
27 15 72
27 16 52
27 17 34
27 18 54
27 19 72
27 20 132
27 21 114
27 22 94
27 23 76
27 24 56
27 25 38
27 26 18
27 27 0
27 28 20
27 29 38
27 30 167
27 31 149
27 32 129
27 33 111
27 34 91
27 35 73
27 36 53
27 37 35
27 38 55
27 39 73
27 40 202
27 41 184
27 42 164
27 43 146
27 44 126
27 45 108
27 46 88
27 47 70
27 48 90
27 49 108
27 50 236
27 51 218
27 52 198
27 53 180
27 54 160
27 55 142
27 56 122
27 57 104
27 58 124
27 59 142
27 60 270
27 61 252
27 62 232
27 63 214
27 64 194
27 65 176
27 66 156
27 67 138
27 68 158
27 69 176
28 0 220
28 1 202
28 2 182
28 3 164
28 4 144
28 5 126
28 6 106
28 7 88
28 8 68
28 9 86
28 10 186
28 11 168
28 12 148
28 13 130
28 14 110
28 15 92
28 16 72
28 17 54
28 18 34
28 19 52
28 20 152
28 21 134
28 22 114
28 23 96
28 24 76
28 25 58
28 26 38
28 27 20
28 28 0
28 29 18
28 30 187
28 31 169
28 32 149
28 33 131
28 34 111
28 35 93
28 36 73
28 37 55
28 38 35
28 39 53
28 40 222
28 41 204
28 42 184
28 43 166
28 44 146
28 45 128
28 46 108
28 47 90
28 48 70
28 49 88
28 50 256
28 51 238
28 52 218
28 53 200
28 54 180
28 55 162
28 56 142
28 57 124
28 58 104
28 59 122
28 60 290
28 61 272
28 62 252
28 63 234
28 64 214
28 65 196
28 66 176
28 67 158
28 68 138
28 69 156
29 0 238
29 1 220
29 2 200
29 3 182
29 4 162
29 5 144
29 6 124
29 7 106
29 8 86
29 9 68
29 10 204
29 11 186
29 12 166
29 13 148
29 14 128
29 15 110
29 16 90
29 17 72
29 18 52
29 19 34
29 20 170
29 21 152
29 22 132
29 23 114
29 24 94
29 25 76
29 26 56
29 27 38
29 28 18
29 29 0
29 30 205
29 31 187
29 32 167
29 33 149
29 34 129
29 35 111
29 36 91
29 37 73
29 38 53
29 39 35
29 40 240
29 41 222
29 42 202
29 43 184
29 44 164
29 45 146
29 46 126
29 47 108
29 48 88
29 49 70
29 50 274
29 51 256
29 52 236
29 53 218
29 54 198
29 55 180
29 56 160
29 57 142
29 58 122
29 59 104
29 60 308
29 61 290
29 62 270
29 63 252
29 64 232
29 65 214
29 66 194
29 67 176
29 68 156
29 69 138
30 0 103
30 1 121
30 2 141
30 3 159
30 4 179
30 5 197
30 6 217
30 7 235
30 8 255
30 9 273
30 10 69
30 11 87
30 12 107
30 13 125
30 14 145
30 15 163
30 16 183
30 17 201
30 18 221
30 19 239
30 20 35
30 21 53
30 22 73
30 23 91
30 24 111
30 25 129
30 26 149
30 27 167
30 28 187
30 29 205
30 30 0
30 31 18
30 32 38
30 33 56
30 34 76
30 35 94
30 36 114
30 37 132
30 38 152
30 39 170
30 40 35
30 41 53
30 42 73
30 43 91
30 44 111
30 45 129
30 46 149
30 47 167
30 48 187
30 49 205
30 50 69
30 51 87
30 52 107
30 53 125
30 54 145
30 55 163
30 56 183
30 57 201
30 58 221
30 59 239
30 60 103
30 61 121
30 62 141
30 63 159
30 64 179
30 65 197
30 66 217
30 67 235
30 68 255
30 69 273
31 0 121
31 1 103
31 2 123
31 3 141
31 4 161
31 5 179
31 6 199
31 7 217
31 8 237
31 9 255
31 10 87
31 11 69
31 12 89
31 13 107
31 14 127
31 15 145
31 16 165
31 17 183
31 18 203
31 19 221
31 20 53
31 21 35
31 22 55
31 23 73
31 24 93
31 25 111
31 26 131
31 27 149
31 28 169
31 29 187
31 30 18
31 31 0
31 32 20
31 33 38
31 34 58
31 35 76
31 36 96
31 37 114
31 38 134
31 39 152
31 40 53
31 41 35
31 42 55
31 43 73
31 44 93
31 45 111
31 46 131
31 47 149
31 48 169
31 49 187
31 50 87
31 51 69
31 52 89
31 53 107
31 54 127
31 55 145
31 56 165
31 57 183
31 58 203
31 59 221
31 60 121
31 61 103
31 62 123
31 63 141
31 64 161
31 65 179
31 66 199
31 67 217
31 68 237
31 69 255
32 0 141
32 1 123
32 2 103
32 3 121
32 4 141
32 5 159
32 6 179
32 7 197
32 8 217
32 9 235
32 10 107
32 11 89
32 12 69
32 13 87
32 14 107
32 15 125
32 16 145
32 17 163
32 18 183
32 19 201
32 20 73
32 21 55
32 22 35
32 23 53
32 24 73
32 25 91
32 26 111
32 27 129
32 28 149
32 29 167
32 30 38
32 31 20
32 32 0
32 33 18
32 34 38
32 35 56
32 36 76
32 37 94
32 38 114
32 39 132
32 40 73
32 41 55
32 42 35
32 43 53
32 44 73
32 45 91
32 46 111
32 47 129
32 48 149
32 49 167
32 50 107
32 51 89
32 52 69
32 53 87
32 54 107
32 55 125
32 56 145
32 57 163
32 58 183
32 59 201
32 60 141
32 61 123
32 62 103
32 63 121
32 64 141
32 65 159
32 66 179
32 67 197
32 68 217
32 69 235
33 0 159
33 1 141
33 2 121
33 3 103
33 4 123
33 5 141
33 6 161
33 7 179
33 8 199
33 9 217
33 10 125
33 11 107
33 12 87
33 13 69
33 14 89
33 15 107
33 16 127
33 17 145
33 18 165
33 19 183
33 20 91
33 21 73
33 22 53
33 23 35
33 24 55
33 25 73
33 26 93
33 27 111
33 28 131
33 29 149
33 30 56
33 31 38
33 32 18
33 33 0
33 34 20
33 35 38
33 36 58
33 37 76
33 38 96
33 39 114
33 40 91
33 41 73
33 42 53
33 43 35
33 44 55
33 45 73
33 46 93
33 47 111
33 48 131
33 49 149
33 50 125
33 51 107
33 52 87
33 53 69
33 54 89
33 55 107
33 56 127
33 57 145
33 58 165
33 59 183
33 60 159
33 61 141
33 62 121
33 63 103
33 64 123
33 65 141
33 66 161
33 67 179
33 68 199
33 69 217
34 0 179
34 1 161
34 2 141
34 3 123
34 4 103
34 5 121
34 6 141
34 7 159
34 8 179
34 9 197
34 10 145
34 11 127
34 12 107
34 13 89
34 14 69
34 15 87
34 16 107
34 17 125
34 18 145
34 19 163
34 20 111
34 21 93
34 22 73
34 23 55
34 24 35
34 25 53
34 26 73
34 27 91
34 28 111
34 29 129
34 30 76
34 31 58
34 32 38
34 33 20
34 34 0
34 35 18
34 36 38
34 37 56
34 38 76
34 39 94
34 40 111
34 41 93
34 42 73
34 43 55
34 44 35
34 45 53
34 46 73
34 47 91
34 48 111
34 49 129
34 50 145
34 51 127
34 52 107
34 53 89
34 54 69
34 55 87
34 56 107
34 57 125
34 58 145
34 59 163
34 60 179
34 61 161
34 62 141
34 63 123
34 64 103
34 65 121
34 66 141
34 67 159
34 68 179
34 69 197
35 0 197
35 1 179
35 2 159
35 3 141
35 4 121
35 5 103
35 6 123
35 7 141
35 8 161
35 9 179
35 10 163
35 11 145
35 12 125
35 13 107
35 14 87
35 15 69
35 16 89
35 17 107
35 18 127
35 19 145
35 20 129
35 21 111
35 22 91
35 23 73
35 24 53
35 25 35
35 26 55
35 27 73
35 28 93
35 29 111
35 30 94
35 31 76
35 32 56
35 33 38
35 34 18
35 35 0
35 36 20
35 37 38
35 38 58
35 39 76
35 40 129
35 41 111
35 42 91
35 43 73
35 44 53
35 45 35
35 46 55
35 47 73
35 48 93
35 49 111
35 50 163
35 51 145
35 52 125
35 53 107
35 54 87
35 55 69
35 56 89
35 57 107
35 58 127
35 59 145
35 60 197
35 61 179
35 62 159
35 63 141
35 64 121
35 65 103
35 66 123
35 67 141
35 68 161
35 69 179
36 0 217
36 1 199
36 2 179
36 3 161
36 4 141
36 5 123
36 6 103
36 7 121
36 8 141
36 9 159
36 10 183
36 11 165
36 12 145
36 13 127
36 14 107
36 15 89
36 16 69
36 17 87
36 18 107
36 19 125
36 20 149
36 21 131
36 22 111
36 23 93
36 24 73
36 25 55
36 26 35
36 27 53
36 28 73
36 29 91
36 30 114
36 31 96
36 32 76
36 33 58
36 34 38
36 35 20
36 36 0
36 37 18
36 38 38
36 39 56
36 40 149
36 41 131
36 42 111
36 43 93
36 44 73
36 45 55
36 46 35
36 47 53
36 48 73
36 49 91
36 50 183
36 51 165
36 52 145
36 53 127
36 54 107
36 55 89
36 56 69
36 57 87
36 58 107
36 59 125
36 60 217
36 61 199
36 62 179
36 63 161
36 64 141
36 65 123
36 66 103
36 67 121
36 68 141
36 69 159
37 0 235
37 1 217
37 2 197
37 3 179
37 4 159
37 5 141
37 6 121
37 7 103
37 8 123
37 9 141
37 10 201
37 11 183
37 12 163
37 13 145
37 14 125
37 15 107
37 16 87
37 17 69
37 18 89
37 19 107
37 20 167
37 21 149
37 22 129
37 23 111
37 24 91
37 25 73
37 26 53
37 27 35
37 28 55
37 29 73
37 30 132
37 31 114
37 32 94
37 33 76
37 34 56
37 35 38
37 36 18
37 37 0
37 38 20
37 39 38
37 40 167
37 41 149
37 42 129
37 43 111
37 44 91
37 45 73
37 46 53
37 47 35
37 48 55
37 49 73
37 50 201
37 51 183
37 52 163
37 53 145
37 54 125
37 55 107
37 56 87
37 57 69
37 58 89
37 59 107
37 60 235
37 61 217
37 62 197
37 63 179
37 64 159
37 65 141
37 66 121
37 67 103
37 68 123
37 69 141
38 0 255
38 1 237
38 2 217
38 3 199
38 4 179
38 5 161
38 6 141
38 7 123
38 8 103
38 9 121
38 10 221
38 11 203
38 12 183
38 13 165
38 14 145
38 15 127
38 16 107
38 17 89
38 18 69
38 19 87
38 20 187
38 21 169
38 22 149
38 23 131
38 24 111
38 25 93
38 26 73
38 27 55
38 28 35
38 29 53
38 30 152
38 31 134
38 32 114
38 33 96
38 34 76
38 35 58
38 36 38
38 37 20
38 38 0
38 39 18
38 40 187
38 41 169
38 42 149
38 43 131
38 44 111
38 45 93
38 46 73
38 47 55
38 48 35
38 49 53
38 50 221
38 51 203
38 52 183
38 53 165
38 54 145
38 55 127
38 56 107
38 57 89
38 58 69
38 59 87
38 60 255
38 61 237
38 62 217
38 63 199
38 64 179
38 65 161
38 66 141
38 67 123
38 68 103
38 69 121
39 0 273
39 1 255
39 2 235
39 3 217
39 4 197
39 5 179
39 6 159
39 7 141
39 8 121
39 9 103
39 10 239
39 11 221
39 12 201
39 13 183
39 14 163
39 15 145
39 16 125
39 17 107
39 18 87
39 19 69
39 20 205
39 21 187
39 22 167
39 23 149
39 24 129
39 25 111
39 26 91
39 27 73
39 28 53
39 29 35
39 30 170
39 31 152
39 32 132
39 33 114
39 34 94
39 35 76
39 36 56
39 37 38
39 38 18
39 39 0
39 40 205
39 41 187
39 42 167
39 43 149
39 44 129
39 45 111
39 46 91
39 47 73
39 48 53
39 49 35
39 50 239
39 51 221
39 52 201
39 53 183
39 54 163
39 55 145
39 56 125
39 57 107
39 58 87
39 59 69
39 60 273
39 61 255
39 62 235
39 63 217
39 64 197
39 65 179
39 66 159
39 67 141
39 68 121
39 69 103
40 0 138
40 1 156
40 2 176
40 3 194
40 4 214
40 5 232
40 6 252
40 7 270
40 8 290
40 9 308
40 10 104
40 11 122
40 12 142
40 13 160
40 14 180
40 15 198
40 16 218
40 17 236
40 18 256
40 19 274
40 20 70
40 21 88
40 22 108
40 23 126
40 24 146
40 25 164
40 26 184
40 27 202
40 28 222
40 29 240
40 30 35
40 31 53
40 32 73
40 33 91
40 34 111
40 35 129
40 36 149
40 37 167
40 38 187
40 39 205
40 40 0
40 41 18
40 42 38
40 43 56
40 44 76
40 45 94
40 46 114
40 47 132
40 48 152
40 49 170
40 50 34
40 51 52
40 52 72
40 53 90
40 54 110
40 55 128
40 56 148
40 57 166
40 58 186
40 59 204
40 60 68
40 61 86
40 62 106
40 63 124
40 64 144
40 65 162
40 66 182
40 67 200
40 68 220
40 69 238
41 0 156
41 1 138
41 2 158
41 3 176
41 4 196
41 5 214
41 6 234
41 7 252
41 8 272
41 9 290
41 10 122
41 11 104
41 12 124
41 13 142
41 14 162
41 15 180
41 16 200
41 17 218
41 18 238
41 19 256
41 20 88
41 21 70
41 22 90
41 23 108
41 24 128
41 25 146
41 26 166
41 27 184
41 28 204
41 29 222
41 30 53
41 31 35
41 32 55
41 33 73
41 34 93
41 35 111
41 36 131
41 37 149
41 38 169
41 39 187
41 40 18
41 41 0
41 42 20
41 43 38
41 44 58
41 45 76
41 46 96
41 47 114
41 48 134
41 49 152
41 50 52
41 51 34
41 52 54
41 53 72
41 54 92
41 55 110
41 56 130
41 57 148
41 58 168
41 59 186
41 60 86
41 61 68
41 62 88
41 63 106
41 64 126
41 65 144
41 66 164
41 67 182
41 68 202
41 69 220
42 0 176
42 1 158
42 2 138
42 3 156
42 4 176
42 5 194
42 6 214
42 7 232
42 8 252
42 9 270
42 10 142
42 11 124
42 12 104
42 13 122
42 14 142
42 15 160
42 16 180
42 17 198
42 18 218
42 19 236
42 20 108
42 21 90
42 22 70
42 23 88
42 24 108
42 25 126
42 26 146
42 27 164
42 28 184
42 29 202
42 30 73
42 31 55
42 32 35
42 33 53
42 34 73
42 35 91
42 36 111
42 37 129
42 38 149
42 39 167
42 40 38
42 41 20
42 42 0
42 43 18
42 44 38
42 45 56
42 46 76
42 47 94
42 48 114
42 49 132
42 50 72
42 51 54
42 52 34
42 53 52
42 54 72
42 55 90
42 56 110
42 57 128
42 58 148
42 59 166
42 60 106
42 61 88
42 62 68
42 63 86
42 64 106
42 65 124
42 66 144
42 67 162
42 68 182
42 69 200
43 0 194
43 1 176
43 2 156
43 3 138
43 4 158
43 5 176
43 6 196
43 7 214
43 8 234
43 9 252
43 10 160
43 11 142
43 12 122
43 13 104
43 14 124
43 15 142
43 16 162
43 17 180
43 18 200
43 19 218
43 20 126
43 21 108
43 22 88
43 23 70
43 24 90
43 25 108
43 26 128
43 27 146
43 28 166
43 29 184
43 30 91
43 31 73
43 32 53
43 33 35
43 34 55
43 35 73
43 36 93
43 37 111
43 38 131
43 39 149
43 40 56
43 41 38
43 42 18
43 43 0
43 44 20
43 45 38
43 46 58
43 47 76
43 48 96
43 49 114
43 50 90
43 51 72
43 52 52
43 53 34
43 54 54
43 55 72
43 56 92
43 57 110
43 58 130
43 59 148
43 60 124
43 61 106
43 62 86
43 63 68
43 64 88
43 65 106
43 66 126
43 67 144
43 68 164
43 69 182
44 0 214
44 1 196
44 2 176
44 3 158
44 4 138
44 5 156
44 6 176
44 7 194
44 8 214
44 9 232
44 10 180
44 11 162
44 12 142
44 13 124
44 14 104
44 15 122
44 16 142
44 17 160
44 18 180
44 19 198
44 20 146
44 21 128
44 22 108
44 23 90
44 24 70
44 25 88
44 26 108
44 27 126
44 28 146
44 29 164
44 30 111
44 31 93
44 32 73
44 33 55
44 34 35
44 35 53
44 36 73
44 37 91
44 38 111
44 39 129
44 40 76
44 41 58
44 42 38
44 43 20
44 44 0
44 45 18
44 46 38
44 47 56
44 48 76
44 49 94
44 50 110
44 51 92
44 52 72
44 53 54
44 54 34
44 55 52
44 56 72
44 57 90
44 58 110
44 59 128
44 60 144
44 61 126
44 62 106
44 63 88
44 64 68
44 65 86
44 66 106
44 67 124
44 68 144
44 69 162
45 0 232
45 1 214
45 2 194
45 3 176
45 4 156
45 5 138
45 6 158
45 7 176
45 8 196
45 9 214
45 10 198
45 11 180
45 12 160
45 13 142
45 14 122
45 15 104
45 16 124
45 17 142
45 18 162
45 19 180
45 20 164
45 21 146
45 22 126
45 23 108
45 24 88
45 25 70
45 26 90
45 27 108
45 28 128
45 29 146
45 30 129
45 31 111
45 32 91
45 33 73
45 34 53
45 35 35
45 36 55
45 37 73
45 38 93
45 39 111
45 40 94
45 41 76
45 42 56
45 43 38
45 44 18
45 45 0
45 46 20
45 47 38
45 48 58
45 49 76
45 50 128
45 51 110
45 52 90
45 53 72
45 54 52
45 55 34
45 56 54
45 57 72
45 58 92
45 59 110
45 60 162
45 61 144
45 62 124
45 63 106
45 64 86
45 65 68
45 66 88
45 67 106
45 68 126
45 69 144
46 0 252
46 1 234
46 2 214
46 3 196
46 4 176
46 5 158
46 6 138
46 7 156
46 8 176
46 9 194
46 10 218
46 11 200
46 12 180
46 13 162
46 14 142
46 15 124
46 16 104
46 17 122
46 18 142
46 19 160
46 20 184
46 21 166
46 22 146
46 23 128
46 24 108
46 25 90
46 26 70
46 27 88
46 28 108
46 29 126
46 30 149
46 31 131
46 32 111
46 33 93
46 34 73
46 35 55
46 36 35
46 37 53
46 38 73
46 39 91
46 40 114
46 41 96
46 42 76
46 43 58
46 44 38
46 45 20
46 46 0
46 47 18
46 48 38
46 49 56
46 50 148
46 51 130
46 52 110
46 53 92
46 54 72
46 55 54
46 56 34
46 57 52
46 58 72
46 59 90
46 60 182
46 61 164
46 62 144
46 63 126
46 64 106
46 65 88
46 66 68
46 67 86
46 68 106
46 69 124
47 0 270
47 1 252
47 2 232
47 3 214
47 4 194
47 5 176
47 6 156
47 7 138
47 8 158
47 9 176
47 10 236
47 11 218
47 12 198
47 13 180
47 14 160
47 15 142
47 16 122
47 17 104
47 18 124
47 19 142
47 20 202
47 21 184
47 22 164
47 23 146
47 24 126
47 25 108
47 26 88
47 27 70
47 28 90
47 29 108
47 30 167
47 31 149
47 32 129
47 33 111
47 34 91
47 35 73
47 36 53
47 37 35
47 38 55
47 39 73
47 40 132
47 41 114
47 42 94
47 43 76
47 44 56
47 45 38
47 46 18
47 47 0
47 48 20
47 49 38
47 50 166
47 51 148
47 52 128
47 53 110
47 54 90
47 55 72
47 56 52
47 57 34
47 58 54
47 59 72
47 60 200
47 61 182
47 62 162
47 63 144
47 64 124
47 65 106
47 66 86
47 67 68
47 68 88
47 69 106
48 0 290
48 1 272
48 2 252
48 3 234
48 4 214
48 5 196
48 6 176
48 7 158
48 8 138
48 9 156
48 10 256
48 11 238
48 12 218
48 13 200
48 14 180
48 15 162
48 16 142
48 17 124
48 18 104
48 19 122
48 20 222
48 21 204
48 22 184
48 23 166
48 24 146
48 25 128
48 26 108
48 27 90
48 28 70
48 29 88
48 30 187
48 31 169
48 32 149
48 33 131
48 34 111
48 35 93
48 36 73
48 37 55
48 38 35
48 39 53
48 40 152
48 41 134
48 42 114
48 43 96
48 44 76
48 45 58
48 46 38
48 47 20
48 48 0
48 49 18
48 50 186
48 51 168
48 52 148
48 53 130
48 54 110
48 55 92
48 56 72
48 57 54
48 58 34
48 59 52
48 60 220
48 61 202
48 62 182
48 63 164
48 64 144
48 65 126
48 66 106
48 67 88
48 68 68
48 69 86
49 0 308
49 1 290
49 2 270
49 3 252
49 4 232
49 5 214
49 6 194
49 7 176
49 8 156
49 9 138
49 10 274
49 11 256
49 12 236
49 13 218
49 14 198
49 15 180
49 16 160
49 17 142
49 18 122
49 19 104
49 20 240
49 21 222
49 22 202
49 23 184
49 24 164
49 25 146
49 26 126
49 27 108
49 28 88
49 29 70
49 30 205
49 31 187
49 32 167
49 33 149
49 34 129
49 35 111
49 36 91
49 37 73
49 38 53
49 39 35
49 40 170
49 41 152
49 42 132
49 43 114
49 44 94
49 45 76
49 46 56
49 47 38
49 48 18
49 49 0
49 50 204
49 51 186
49 52 166
49 53 148
49 54 128
49 55 110
49 56 90
49 57 72
49 58 52
49 59 34
49 60 238
49 61 220
49 62 200
49 63 182
49 64 162
49 65 144
49 66 124
49 67 106
49 68 86
49 69 68
50 0 172
50 1 190
50 2 210
50 3 228
50 4 248
50 5 266
50 6 286
50 7 304
50 8 324
50 9 342
50 10 138
50 11 156
50 12 176
50 13 194
50 14 214
50 15 232
50 16 252
50 17 270
50 18 290
50 19 308
50 20 104
50 21 122
50 22 142
50 23 160
50 24 180
50 25 198
50 26 218
50 27 236
50 28 256
50 29 274
50 30 69
50 31 87
50 32 107
50 33 125
50 34 145
50 35 163
50 36 183
50 37 201
50 38 221
50 39 239
50 40 34
50 41 52
50 42 72
50 43 90
50 44 110
50 45 128
50 46 148
50 47 166
50 48 186
50 49 204
50 50 0
50 51 18
50 52 38
50 53 56
50 54 76
50 55 94
50 56 114
50 57 132
50 58 152
50 59 170
50 60 34
50 61 52
50 62 72
50 63 90
50 64 110
50 65 128
50 66 148
50 67 166
50 68 186
50 69 204
51 0 190
51 1 172
51 2 192
51 3 210
51 4 230
51 5 248
51 6 268
51 7 286
51 8 306
51 9 324
51 10 156
51 11 138
51 12 158
51 13 176
51 14 196
51 15 214
51 16 234
51 17 252
51 18 272
51 19 290
51 20 122
51 21 104
51 22 124
51 23 142
51 24 162
51 25 180
51 26 200
51 27 218
51 28 238
51 29 256
51 30 87
51 31 69
51 32 89
51 33 107
51 34 127
51 35 145
51 36 165
51 37 183
51 38 203
51 39 221
51 40 52
51 41 34
51 42 54
51 43 72
51 44 92
51 45 110
51 46 130
51 47 148
51 48 168
51 49 186
51 50 18
51 51 0
51 52 20
51 53 38
51 54 58
51 55 76
51 56 96
51 57 114
51 58 134
51 59 152
51 60 52
51 61 34
51 62 54
51 63 72
51 64 92
51 65 110
51 66 130
51 67 148
51 68 168
51 69 186
52 0 210
52 1 192
52 2 172
52 3 190
52 4 210
52 5 228
52 6 248
52 7 266
52 8 286
52 9 304
52 10 176
52 11 158
52 12 138
52 13 156
52 14 176
52 15 194
52 16 214
52 17 232
52 18 252
52 19 270
52 20 142
52 21 124
52 22 104
52 23 122
52 24 142
52 25 160
52 26 180
52 27 198
52 28 218
52 29 236
52 30 107
52 31 89
52 32 69
52 33 87
52 34 107
52 35 125
52 36 145
52 37 163
52 38 183
52 39 201
52 40 72
52 41 54
52 42 34
52 43 52
52 44 72
52 45 90
52 46 110
52 47 128
52 48 148
52 49 166
52 50 38
52 51 20
52 52 0
52 53 18
52 54 38
52 55 56
52 56 76
52 57 94
52 58 114
52 59 132
52 60 72
52 61 54
52 62 34
52 63 52
52 64 72
52 65 90
52 66 110
52 67 128
52 68 148
52 69 166
53 0 228
53 1 210
53 2 190
53 3 172
53 4 192
53 5 210
53 6 230
53 7 248
53 8 268
53 9 286
53 10 194
53 11 176
53 12 156
53 13 138
53 14 158
53 15 176
53 16 196
53 17 214
53 18 234
53 19 252
53 20 160
53 21 142
53 22 122
53 23 104
53 24 124
53 25 142
53 26 162
53 27 180
53 28 200
53 29 218
53 30 125
53 31 107
53 32 87
53 33 69
53 34 89
53 35 107
53 36 127
53 37 145
53 38 165
53 39 183
53 40 90
53 41 72
53 42 52
53 43 34
53 44 54
53 45 72
53 46 92
53 47 110
53 48 130
53 49 148
53 50 56
53 51 38
53 52 18
53 53 0
53 54 20
53 55 38
53 56 58
53 57 76
53 58 96
53 59 114
53 60 90
53 61 72
53 62 52
53 63 34
53 64 54
53 65 72
53 66 92
53 67 110
53 68 130
53 69 148
54 0 248
54 1 230
54 2 210
54 3 192
54 4 172
54 5 190
54 6 210
54 7 228
54 8 248
54 9 266
54 10 214
54 11 196
54 12 176
54 13 158
54 14 138
54 15 156
54 16 176
54 17 194
54 18 214
54 19 232
54 20 180
54 21 162
54 22 142
54 23 124
54 24 104
54 25 122
54 26 142
54 27 160
54 28 180
54 29 198
54 30 145
54 31 127
54 32 107
54 33 89
54 34 69
54 35 87
54 36 107
54 37 125
54 38 145
54 39 163
54 40 110
54 41 92
54 42 72
54 43 54
54 44 34
54 45 52
54 46 72
54 47 90
54 48 110
54 49 128
54 50 76
54 51 58
54 52 38
54 53 20
54 54 0
54 55 18
54 56 38
54 57 56
54 58 76
54 59 94
54 60 110
54 61 92
54 62 72
54 63 54
54 64 34
54 65 52
54 66 72
54 67 90
54 68 110
54 69 128
55 0 266
55 1 248
55 2 228
55 3 210
55 4 190
55 5 172
55 6 192
55 7 210
55 8 230
55 9 248
55 10 232
55 11 214
55 12 194
55 13 176
55 14 156
55 15 138
55 16 158
55 17 176
55 18 196
55 19 214
55 20 198
55 21 180
55 22 160
55 23 142
55 24 122
55 25 104
55 26 124
55 27 142
55 28 162
55 29 180
55 30 163
55 31 145
55 32 125
55 33 107
55 34 87
55 35 69
55 36 89
55 37 107
55 38 127
55 39 145
55 40 128
55 41 110
55 42 90
55 43 72
55 44 52
55 45 34
55 46 54
55 47 72
55 48 92
55 49 110
55 50 94
55 51 76
55 52 56
55 53 38
55 54 18
55 55 0
55 56 20
55 57 38
55 58 58
55 59 76
55 60 128
55 61 110
55 62 90
55 63 72
55 64 52
55 65 34
55 66 54
55 67 72
55 68 92
55 69 110
56 0 286
56 1 268
56 2 248
56 3 230
56 4 210
56 5 192
56 6 172
56 7 190
56 8 210
56 9 228
56 10 252
56 11 234
56 12 214
56 13 196
56 14 176
56 15 158
56 16 138
56 17 156
56 18 176
56 19 194
56 20 218
56 21 200
56 22 180
56 23 162
56 24 142
56 25 124
56 26 104
56 27 122
56 28 142
56 29 160
56 30 183
56 31 165
56 32 145
56 33 127
56 34 107
56 35 89
56 36 69
56 37 87
56 38 107
56 39 125
56 40 148
56 41 130
56 42 110
56 43 92
56 44 72
56 45 54
56 46 34
56 47 52
56 48 72
56 49 90
56 50 114
56 51 96
56 52 76
56 53 58
56 54 38
56 55 20
56 56 0
56 57 18
56 58 38
56 59 56
56 60 148
56 61 130
56 62 110
56 63 92
56 64 72
56 65 54
56 66 34
56 67 52
56 68 72
56 69 90
57 0 304
57 1 286
57 2 266
57 3 248
57 4 228
57 5 210
57 6 190
57 7 172
57 8 192
57 9 210
57 10 270
57 11 252
57 12 232
57 13 214
57 14 194
57 15 176
57 16 156
57 17 138
57 18 158
57 19 176
57 20 236
57 21 218
57 22 198
57 23 180
57 24 160
57 25 142
57 26 122
57 27 104
57 28 124
57 29 142
57 30 201
57 31 183
57 32 163
57 33 145
57 34 125
57 35 107
57 36 87
57 37 69
57 38 89
57 39 107
57 40 166
57 41 148
57 42 128
57 43 110
57 44 90
57 45 72
57 46 52
57 47 34
57 48 54
57 49 72
57 50 132
57 51 114
57 52 94
57 53 76
57 54 56
57 55 38
57 56 18
57 57 0
57 58 20
57 59 38
57 60 166
57 61 148
57 62 128
57 63 110
57 64 90
57 65 72
57 66 52
57 67 34
57 68 54
57 69 72
58 0 324
58 1 306
58 2 286
58 3 268
58 4 248
58 5 230
58 6 210
58 7 192
58 8 172
58 9 190
58 10 290
58 11 272
58 12 252
58 13 234
58 14 214
58 15 196
58 16 176
58 17 158
58 18 138
58 19 156
58 20 256
58 21 238
58 22 218
58 23 200
58 24 180
58 25 162
58 26 142
58 27 124
58 28 104
58 29 122
58 30 221
58 31 203
58 32 183
58 33 165
58 34 145
58 35 127
58 36 107
58 37 89
58 38 69
58 39 87
58 40 186
58 41 168
58 42 148
58 43 130
58 44 110
58 45 92
58 46 72
58 47 54
58 48 34
58 49 52
58 50 152
58 51 134
58 52 114
58 53 96
58 54 76
58 55 58
58 56 38
58 57 20
58 58 0
58 59 18
58 60 186
58 61 168
58 62 148
58 63 130
58 64 110
58 65 92
58 66 72
58 67 54
58 68 34
58 69 52
59 0 342
59 1 324
59 2 304
59 3 286
59 4 266
59 5 248
59 6 228
59 7 210
59 8 190
59 9 172
59 10 308
59 11 290
59 12 270
59 13 252
59 14 232
59 15 214
59 16 194
59 17 176
59 18 156
59 19 138
59 20 274
59 21 256
59 22 236
59 23 218
59 24 198
59 25 180
59 26 160
59 27 142
59 28 122
59 29 104
59 30 239
59 31 221
59 32 201
59 33 183
59 34 163
59 35 145
59 36 125
59 37 107
59 38 87
59 39 69
59 40 204
59 41 186
59 42 166
59 43 148
59 44 128
59 45 110
59 46 90
59 47 72
59 48 52
59 49 34
59 50 170
59 51 152
59 52 132
59 53 114
59 54 94
59 55 76
59 56 56
59 57 38
59 58 18
59 59 0
59 60 204
59 61 186
59 62 166
59 63 148
59 64 128
59 65 110
59 66 90
59 67 72
59 68 52
59 69 34
60 0 206
60 1 224
60 2 244
60 3 262
60 4 282
60 5 300
60 6 320
60 7 338
60 8 358
60 9 376
60 10 172
60 11 190
60 12 210
60 13 228
60 14 248
60 15 266
60 16 286
60 17 304
60 18 324
60 19 342
60 20 138
60 21 156
60 22 176
60 23 194
60 24 214
60 25 232
60 26 252
60 27 270
60 28 290
60 29 308
60 30 103
60 31 121
60 32 141
60 33 159
60 34 179
60 35 197
60 36 217
60 37 235
60 38 255
60 39 273
60 40 68
60 41 86
60 42 106
60 43 124
60 44 144
60 45 162
60 46 182
60 47 200
60 48 220
60 49 238
60 50 34
60 51 52
60 52 72
60 53 90
60 54 110
60 55 128
60 56 148
60 57 166
60 58 186
60 59 204
60 60 0
60 61 18
60 62 38
60 63 56
60 64 76
60 65 94
60 66 114
60 67 132
60 68 152
60 69 170
61 0 224
61 1 206
61 2 226
61 3 244
61 4 264
61 5 282
61 6 302
61 7 320
61 8 340
61 9 358
61 10 190
61 11 172
61 12 192
61 13 210
61 14 230
61 15 248
61 16 268
61 17 286
61 18 306
61 19 324
61 20 156
61 21 138
61 22 158
61 23 176
61 24 196
61 25 214
61 26 234
61 27 252
61 28 272
61 29 290
61 30 121
61 31 103
61 32 123
61 33 141
61 34 161
61 35 179
61 36 199
61 37 217
61 38 237
61 39 255
61 40 86
61 41 68
61 42 88
61 43 106
61 44 126
61 45 144
61 46 164
61 47 182
61 48 202
61 49 220
61 50 52
61 51 34
61 52 54
61 53 72
61 54 92
61 55 110
61 56 130
61 57 148
61 58 168
61 59 186
61 60 18
61 61 0
61 62 20
61 63 38
61 64 58
61 65 76
61 66 96
61 67 114
61 68 134
61 69 152
62 0 244
62 1 226
62 2 206
62 3 224
62 4 244
62 5 262
62 6 282
62 7 300
62 8 320
62 9 338
62 10 210
62 11 192
62 12 172
62 13 190
62 14 210
62 15 228
62 16 248
62 17 266
62 18 286
62 19 304
62 20 176
62 21 158
62 22 138
62 23 156
62 24 176
62 25 194
62 26 214
62 27 232
62 28 252
62 29 270
62 30 141
62 31 123
62 32 103
62 33 121
62 34 141
62 35 159
62 36 179
62 37 197
62 38 217
62 39 235
62 40 106
62 41 88
62 42 68
62 43 86
62 44 106
62 45 124
62 46 144
62 47 162
62 48 182
62 49 200
62 50 72
62 51 54
62 52 34
62 53 52
62 54 72
62 55 90
62 56 110
62 57 128
62 58 148
62 59 166
62 60 38
62 61 20
62 62 0
62 63 18
62 64 38
62 65 56
62 66 76
62 67 94
62 68 114
62 69 132
63 0 262
63 1 244
63 2 224
63 3 206
63 4 226
63 5 244
63 6 264
63 7 282
63 8 302
63 9 320
63 10 228
63 11 210
63 12 190
63 13 172
63 14 192
63 15 210
63 16 230
63 17 248
63 18 268
63 19 286
63 20 194
63 21 176
63 22 156
63 23 138
63 24 158
63 25 176
63 26 196
63 27 214
63 28 234
63 29 252
63 30 159
63 31 141
63 32 121
63 33 103
63 34 123
63 35 141
63 36 161
63 37 179
63 38 199
63 39 217
63 40 124
63 41 106
63 42 86
63 43 68
63 44 88
63 45 106
63 46 126
63 47 144
63 48 164
63 49 182
63 50 90
63 51 72
63 52 52
63 53 34
63 54 54
63 55 72
63 56 92
63 57 110
63 58 130
63 59 148
63 60 56
63 61 38
63 62 18
63 63 0
63 64 20
63 65 38
63 66 58
63 67 76
63 68 96
63 69 114
64 0 282
64 1 264
64 2 244
64 3 226
64 4 206
64 5 224
64 6 244
64 7 262
64 8 282
64 9 300
64 10 248
64 11 230
64 12 210
64 13 192
64 14 172
64 15 190
64 16 210
64 17 228
64 18 248
64 19 266
64 20 214
64 21 196
64 22 176
64 23 158
64 24 138
64 25 156
64 26 176
64 27 194
64 28 214
64 29 232
64 30 179
64 31 161
64 32 141
64 33 123
64 34 103
64 35 121
64 36 141
64 37 159
64 38 179
64 39 197
64 40 144
64 41 126
64 42 106
64 43 88
64 44 68
64 45 86
64 46 106
64 47 124
64 48 144
64 49 162
64 50 110
64 51 92
64 52 72
64 53 54
64 54 34
64 55 52
64 56 72
64 57 90
64 58 110
64 59 128
64 60 76
64 61 58
64 62 38
64 63 20
64 64 0
64 65 18
64 66 38
64 67 56
64 68 76
64 69 94
65 0 300
65 1 282
65 2 262
65 3 244
65 4 224
65 5 206
65 6 226
65 7 244
65 8 264
65 9 282
65 10 266
65 11 248
65 12 228
65 13 210
65 14 190
65 15 172
65 16 192
65 17 210
65 18 230
65 19 248
65 20 232
65 21 214
65 22 194
65 23 176
65 24 156
65 25 138
65 26 158
65 27 176
65 28 196
65 29 214
65 30 197
65 31 179
65 32 159
65 33 141
65 34 121
65 35 103
65 36 123
65 37 141
65 38 161
65 39 179
65 40 162
65 41 144
65 42 124
65 43 106
65 44 86
65 45 68
65 46 88
65 47 106
65 48 126
65 49 144
65 50 128
65 51 110
65 52 90
65 53 72
65 54 52
65 55 34
65 56 54
65 57 72
65 58 92
65 59 110
65 60 94
65 61 76
65 62 56
65 63 38
65 64 18
65 65 0
65 66 20
65 67 38
65 68 58
65 69 76
66 0 320
66 1 302
66 2 282
66 3 264
66 4 244
66 5 226
66 6 206
66 7 224
66 8 244
66 9 262
66 10 286
66 11 268
66 12 248
66 13 230
66 14 210
66 15 192
66 16 172
66 17 190
66 18 210
66 19 228
66 20 252
66 21 234
66 22 214
66 23 196
66 24 176
66 25 158
66 26 138
66 27 156
66 28 176
66 29 194
66 30 217
66 31 199
66 32 179
66 33 161
66 34 141
66 35 123
66 36 103
66 37 121
66 38 141
66 39 159
66 40 182
66 41 164
66 42 144
66 43 126
66 44 106
66 45 88
66 46 68
66 47 86
66 48 106
66 49 124
66 50 148
66 51 130
66 52 110
66 53 92
66 54 72
66 55 54
66 56 34
66 57 52
66 58 72
66 59 90
66 60 114
66 61 96
66 62 76
66 63 58
66 64 38
66 65 20
66 66 0
66 67 18
66 68 38
66 69 56
67 0 338
67 1 320
67 2 300
67 3 282
67 4 262
67 5 244
67 6 224
67 7 206
67 8 226
67 9 244
67 10 304
67 11 286
67 12 266
67 13 248
67 14 228
67 15 210
67 16 190
67 17 172
67 18 192
67 19 210
67 20 270
67 21 252
67 22 232
67 23 214
67 24 194
67 25 176
67 26 156
67 27 138
67 28 158
67 29 176
67 30 235
67 31 217
67 32 197
67 33 179
67 34 159
67 35 141
67 36 121
67 37 103
67 38 123
67 39 141
67 40 200
67 41 182
67 42 162
67 43 144
67 44 124
67 45 106
67 46 86
67 47 68
67 48 88
67 49 106
67 50 166
67 51 148
67 52 128
67 53 110
67 54 90
67 55 72
67 56 52
67 57 34
67 58 54
67 59 72
67 60 132
67 61 114
67 62 94
67 63 76
67 64 56
67 65 38
67 66 18
67 67 0
67 68 20
67 69 38
68 0 358
68 1 340
68 2 320
68 3 302
68 4 282
68 5 264
68 6 244
68 7 226
68 8 206
68 9 224
68 10 324
68 11 306
68 12 286
68 13 268
68 14 248
68 15 230
68 16 210
68 17 192
68 18 172
68 19 190
68 20 290
68 21 272
68 22 252
68 23 234
68 24 214
68 25 196
68 26 176
68 27 158
68 28 138
68 29 156
68 30 255
68 31 237
68 32 217
68 33 199
68 34 179
68 35 161
68 36 141
68 37 123
68 38 103
68 39 121
68 40 220
68 41 202
68 42 182
68 43 164
68 44 144
68 45 126
68 46 106
68 47 88
68 48 68
68 49 86
68 50 186
68 51 168
68 52 148
68 53 130
68 54 110
68 55 92
68 56 72
68 57 54
68 58 34
68 59 52
68 60 152
68 61 134
68 62 114
68 63 96
68 64 76
68 65 58
68 66 38
68 67 20
68 68 0
68 69 18
69 0 376
69 1 358
69 2 338
69 3 320
69 4 300
69 5 282
69 6 262
69 7 244
69 8 224
69 9 206
69 10 342
69 11 324
69 12 304
69 13 286
69 14 266
69 15 248
69 16 228
69 17 210
69 18 190
69 19 172
69 20 308
69 21 290
69 22 270
69 23 252
69 24 232
69 25 214
69 26 194
69 27 176
69 28 156
69 29 138
69 30 273
69 31 255
69 32 235
69 33 217
69 34 197
69 35 179
69 36 159
69 37 141
69 38 121
69 39 103
69 40 238
69 41 220
69 42 200
69 43 182
69 44 162
69 45 144
69 46 124
69 47 106
69 48 86
69 49 68
69 50 204
69 51 186
69 52 166
69 53 148
69 54 128
69 55 110
69 56 90
69 57 72
69 58 52
69 59 34
69 60 170
69 61 152
69 62 132
69 63 114
69 64 94
69 65 76
69 66 56
69 67 38
69 68 18
69 69 0
70 
14 
53
3 3 3 3 18 18 18 18 18 18 3 3 3 3 18 18 18 18 18 18 3 3 3 3 18 18 3 3 3 3 2 2 10 10 10 10 10 2 2 2 2 2 10 10 10 10 10 2 2 2 2 2 10 10 10 10 10 2 2 2 2 2 2 2 2 2 2 2 2 2 
0 0 0
0 1 18
0 2 38
0 3 56
0 4 76
0 5 94
0 6 114
0 7 132
0 8 152
0 9 170
0 10 34
0 11 52
0 12 72
0 13 90
0 14 110
0 15 128
0 16 148
0 17 166
0 18 186
0 19 204
0 20 68
0 21 86
0 22 106
0 23 124
0 24 144
0 25 162
0 26 182
0 27 200
0 28 220
0 29 238
0 30 103
0 31 121
0 32 141
0 33 159
0 34 179
0 35 197
0 36 217
0 37 235
0 38 255
0 39 273
0 40 138
0 41 156
0 42 176
0 43 194
0 44 214
0 45 232
0 46 252
0 47 270
0 48 290
0 49 308
0 50 172
0 51 190
0 52 210
0 53 228
0 54 248
0 55 266
0 56 286
0 57 304
0 58 324
0 59 342
0 60 206
0 61 224
0 62 244
0 63 262
0 64 282
0 65 300
0 66 320
0 67 338
0 68 358
0 69 376
1 0 18
1 1 0
1 2 20
1 3 38
1 4 58
1 5 76
1 6 96
1 7 114
1 8 134
1 9 152
1 10 52
1 11 34
1 12 54
1 13 72
1 14 92
1 15 110
1 16 130
1 17 148
1 18 168
1 19 186
1 20 86
1 21 68
1 22 88
1 23 106
1 24 126
1 25 144
1 26 164
1 27 182
1 28 202
1 29 220
1 30 121
1 31 103
1 32 123
1 33 141
1 34 161
1 35 179
1 36 199
1 37 217
1 38 237
1 39 255
1 40 156
1 41 138
1 42 158
1 43 176
1 44 196
1 45 214
1 46 234
1 47 252
1 48 272
1 49 290
1 50 190
1 51 172
1 52 192
1 53 210
1 54 230
1 55 248
1 56 268
1 57 286
1 58 306
1 59 324
1 60 224
1 61 206
1 62 226
1 63 244
1 64 264
1 65 282
1 66 302
1 67 320
1 68 340
1 69 358
2 0 38
2 1 20
2 2 0
2 3 18
2 4 38
2 5 56
2 6 76
2 7 94
2 8 114
2 9 132
2 10 72
2 11 54
2 12 34
2 13 52
2 14 72
2 15 90
2 16 110
2 17 128
2 18 148
2 19 166
2 20 106
2 21 88
2 22 68
2 23 86
2 24 106
2 25 124
2 26 144
2 27 162
2 28 182
2 29 200
2 30 141
2 31 123
2 32 103
2 33 121
2 34 141
2 35 159
2 36 179
2 37 197
2 38 217
2 39 235
2 40 176
2 41 158
2 42 138
2 43 156
2 44 176
2 45 194
2 46 214
2 47 232
2 48 252
2 49 270
2 50 210
2 51 192
2 52 172
2 53 190
2 54 210
2 55 228
2 56 248
2 57 266
2 58 286
2 59 304
2 60 244
2 61 226
2 62 206
2 63 224
2 64 244
2 65 262
2 66 282
2 67 300
2 68 320
2 69 338
3 0 56
3 1 38
3 2 18
3 3 0
3 4 20
3 5 38
3 6 58
3 7 76
3 8 96
3 9 114
3 10 90
3 11 72
3 12 52
3 13 34
3 14 54
3 15 72
3 16 92
3 17 110
3 18 130
3 19 148
3 20 124
3 21 106
3 22 86
3 23 68
3 24 88
3 25 106
3 26 126
3 27 144
3 28 164
3 29 182
3 30 159
3 31 141
3 32 121
3 33 103
3 34 123
3 35 141
3 36 161
3 37 179
3 38 199
3 39 217
3 40 194
3 41 176
3 42 156
3 43 138
3 44 158
3 45 176
3 46 196
3 47 214
3 48 234
3 49 252
3 50 228
3 51 210
3 52 190
3 53 172
3 54 192
3 55 210
3 56 230
3 57 248
3 58 268
3 59 286
3 60 262
3 61 244
3 62 224
3 63 206
3 64 226
3 65 244
3 66 264
3 67 282
3 68 302
3 69 320
4 0 76
4 1 58
4 2 38
4 3 20
4 4 0
4 5 18
4 6 38
4 7 56
4 8 76
4 9 94
4 10 110
4 11 92
4 12 72
4 13 54
4 14 34
4 15 52
4 16 72
4 17 90
4 18 110
4 19 128
4 20 144
4 21 126
4 22 106
4 23 88
4 24 68
4 25 86
4 26 106
4 27 124
4 28 144
4 29 162
4 30 179
4 31 161
4 32 141
4 33 123
4 34 103
4 35 121
4 36 141
4 37 159
4 38 179
4 39 197
4 40 214
4 41 196
4 42 176
4 43 158
4 44 138
4 45 156
4 46 176
4 47 194
4 48 214
4 49 232
4 50 248
4 51 230
4 52 210
4 53 192
4 54 172
4 55 190
4 56 210
4 57 228
4 58 248
4 59 266
4 60 282
4 61 264
4 62 244
4 63 226
4 64 206
4 65 224
4 66 244
4 67 262
4 68 282
4 69 300
5 0 94
5 1 76
5 2 56
5 3 38
5 4 18
5 5 0
5 6 20
5 7 38
5 8 58
5 9 76
5 10 128
5 11 110
5 12 90
5 13 72
5 14 52
5 15 34
5 16 54
5 17 72
5 18 92
5 19 110
5 20 162
5 21 144
5 22 124
5 23 106
5 24 86
5 25 68
5 26 88
5 27 106
5 28 126
5 29 144
5 30 197
5 31 179
5 32 159
5 33 141
5 34 121
5 35 103
5 36 123
5 37 141
5 38 161
5 39 179
5 40 232
5 41 214
5 42 194
5 43 176
5 44 156
5 45 138
5 46 158
5 47 176
5 48 196
5 49 214
5 50 266
5 51 248
5 52 228
5 53 210
5 54 190
5 55 172
5 56 192
5 57 210
5 58 230
5 59 248
5 60 300
5 61 282
5 62 262
5 63 244
5 64 224
5 65 206
5 66 226
5 67 244
5 68 264
5 69 282
6 0 114
6 1 96
6 2 76
6 3 58
6 4 38
6 5 20
6 6 0
6 7 18
6 8 38
6 9 56
6 10 148
6 11 130
6 12 110
6 13 92
6 14 72
6 15 54
6 16 34
6 17 52
6 18 72
6 19 90
6 20 182
6 21 164
6 22 144
6 23 126
6 24 106
6 25 88
6 26 68
6 27 86
6 28 106
6 29 124
6 30 217
6 31 199
6 32 179
6 33 161
6 34 141
6 35 123
6 36 103
6 37 121
6 38 141
6 39 159
6 40 252
6 41 234
6 42 214
6 43 196
6 44 176
6 45 158
6 46 138
6 47 156
6 48 176
6 49 194
6 50 286
6 51 268
6 52 248
6 53 230
6 54 210
6 55 192
6 56 172
6 57 190
6 58 210
6 59 228
6 60 320
6 61 302
6 62 282
6 63 264
6 64 244
6 65 226
6 66 206
6 67 224
6 68 244
6 69 262
7 0 132
7 1 114
7 2 94
7 3 76
7 4 56
7 5 38
7 6 18
7 7 0
7 8 20
7 9 38
7 10 166
7 11 148
7 12 128
7 13 110
7 14 90
7 15 72
7 16 52
7 17 34
7 18 54
7 19 72
7 20 200
7 21 182
7 22 162
7 23 144
7 24 124
7 25 106
7 26 86
7 27 68
7 28 88
7 29 106
7 30 235
7 31 217
7 32 197
7 33 179
7 34 159
7 35 141
7 36 121
7 37 103
7 38 123
7 39 141
7 40 270
7 41 252
7 42 232
7 43 214
7 44 194
7 45 176
7 46 156
7 47 138
7 48 158
7 49 176
7 50 304
7 51 286
7 52 266
7 53 248
7 54 228
7 55 210
7 56 190
7 57 172
7 58 192
7 59 210
7 60 338
7 61 320
7 62 300
7 63 282
7 64 262
7 65 244
7 66 224
7 67 206
7 68 226
7 69 244
8 0 152
8 1 134
8 2 114
8 3 96
8 4 76
8 5 58
8 6 38
8 7 20
8 8 0
8 9 18
8 10 186
8 11 168
8 12 148
8 13 130
8 14 110
8 15 92
8 16 72
8 17 54
8 18 34
8 19 52
8 20 220
8 21 202
8 22 182
8 23 164
8 24 144
8 25 126
8 26 106
8 27 88
8 28 68
8 29 86
8 30 255
8 31 237
8 32 217
8 33 199
8 34 179
8 35 161
8 36 141
8 37 123
8 38 103
8 39 121
8 40 290
8 41 272
8 42 252
8 43 234
8 44 214
8 45 196
8 46 176
8 47 158
8 48 138
8 49 156
8 50 324
8 51 306
8 52 286
8 53 268
8 54 248
8 55 230
8 56 210
8 57 192
8 58 172
8 59 190
8 60 358
8 61 340
8 62 320
8 63 302
8 64 282
8 65 264
8 66 244
8 67 226
8 68 206
8 69 224
9 0 170
9 1 152
9 2 132
9 3 114
9 4 94
9 5 76
9 6 56
9 7 38
9 8 18
9 9 0
9 10 204
9 11 186
9 12 166
9 13 148
9 14 128
9 15 110
9 16 90
9 17 72
9 18 52
9 19 34
9 20 238
9 21 220
9 22 200
9 23 182
9 24 162
9 25 144
9 26 124
9 27 106
9 28 86
9 29 68
9 30 273
9 31 255
9 32 235
9 33 217
9 34 197
9 35 179
9 36 159
9 37 141
9 38 121
9 39 103
9 40 308
9 41 290
9 42 270
9 43 252
9 44 232
9 45 214
9 46 194
9 47 176
9 48 156
9 49 138
9 50 342
9 51 324
9 52 304
9 53 286
9 54 266
9 55 248
9 56 228
9 57 210
9 58 190
9 59 172
9 60 376
9 61 358
9 62 338
9 63 320
9 64 300
9 65 282
9 66 262
9 67 244
9 68 224
9 69 206
10 0 34
10 1 52
10 2 72
10 3 90
10 4 110
10 5 128
10 6 148
10 7 166
10 8 186
10 9 204
10 10 0
10 11 18
10 12 38
10 13 56
10 14 76
10 15 94
10 16 114
10 17 132
10 18 152
10 19 170
10 20 34
10 21 52
10 22 72
10 23 90
10 24 110
10 25 128
10 26 148
10 27 166
10 28 186
10 29 204
10 30 69
10 31 87
10 32 107
10 33 125
10 34 145
10 35 163
10 36 183
10 37 201
10 38 221
10 39 239
10 40 104
10 41 122
10 42 142
10 43 160
10 44 180
10 45 198
10 46 218
10 47 236
10 48 256
10 49 274
10 50 138
10 51 156
10 52 176
10 53 194
10 54 214
10 55 232
10 56 252
10 57 270
10 58 290
10 59 308
10 60 172
10 61 190
10 62 210
10 63 228
10 64 248
10 65 266
10 66 286
10 67 304
10 68 324
10 69 342
11 0 52
11 1 34
11 2 54
11 3 72
11 4 92
11 5 110
11 6 130
11 7 148
11 8 168
11 9 186
11 10 18
11 11 0
11 12 20
11 13 38
11 14 58
11 15 76
11 16 96
11 17 114
11 18 134
11 19 152
11 20 52
11 21 34
11 22 54
11 23 72
11 24 92
11 25 110
11 26 130
11 27 148
11 28 168
11 29 186
11 30 87
11 31 69
11 32 89
11 33 107
11 34 127
11 35 145
11 36 165
11 37 183
11 38 203
11 39 221
11 40 122
11 41 104
11 42 124
11 43 142
11 44 162
11 45 180
11 46 200
11 47 218
11 48 238
11 49 256
11 50 156
11 51 138
11 52 158
11 53 176
11 54 196
11 55 214
11 56 234
11 57 252
11 58 272
11 59 290
11 60 190
11 61 172
11 62 192
11 63 210
11 64 230
11 65 248
11 66 268
11 67 286
11 68 306
11 69 324
12 0 72
12 1 54
12 2 34
12 3 52
12 4 72
12 5 90
12 6 110
12 7 128
12 8 148
12 9 166
12 10 38
12 11 20
12 12 0
12 13 18
12 14 38
12 15 56
12 16 76
12 17 94
12 18 114
12 19 132
12 20 72
12 21 54
12 22 34
12 23 52
12 24 72
12 25 90
12 26 110
12 27 128
12 28 148
12 29 166
12 30 107
12 31 89
12 32 69
12 33 87
12 34 107
12 35 125
12 36 145
12 37 163
12 38 183
12 39 201
12 40 142
12 41 124
12 42 104
12 43 122
12 44 142
12 45 160
12 46 180
12 47 198
12 48 218
12 49 236
12 50 176
12 51 158
12 52 138
12 53 156
12 54 176
12 55 194
12 56 214
12 57 232
12 58 252
12 59 270
12 60 210
12 61 192
12 62 172
12 63 190
12 64 210
12 65 228
12 66 248
12 67 266
12 68 286
12 69 304
13 0 90
13 1 72
13 2 52
13 3 34
13 4 54
13 5 72
13 6 92
13 7 110
13 8 130
13 9 148
13 10 56
13 11 38
13 12 18
13 13 0
13 14 20
13 15 38
13 16 58
13 17 76
13 18 96
13 19 114
13 20 90
13 21 72
13 22 52
13 23 34
13 24 54
13 25 72
13 26 92
13 27 110
13 28 130
13 29 148
13 30 125
13 31 107
13 32 87
13 33 69
13 34 89
13 35 107
13 36 127
13 37 145
13 38 165
13 39 183
13 40 160
13 41 142
13 42 122
13 43 104
13 44 124
13 45 142
13 46 162
13 47 180
13 48 200
13 49 218
13 50 194
13 51 176
13 52 156
13 53 138
13 54 158
13 55 176
13 56 196
13 57 214
13 58 234
13 59 252
13 60 228
13 61 210
13 62 190
13 63 172
13 64 192
13 65 210
13 66 230
13 67 248
13 68 268
13 69 286
14 0 110
14 1 92
14 2 72
14 3 54
14 4 34
14 5 52
14 6 72
14 7 90
14 8 110
14 9 128
14 10 76
14 11 58
14 12 38
14 13 20
14 14 0
14 15 18
14 16 38
14 17 56
14 18 76
14 19 94
14 20 110
14 21 92
14 22 72
14 23 54
14 24 34
14 25 52
14 26 72
14 27 90
14 28 110
14 29 128
14 30 145
14 31 127
14 32 107
14 33 89
14 34 69
14 35 87
14 36 107
14 37 125
14 38 145
14 39 163
14 40 180
14 41 162
14 42 142
14 43 124
14 44 104
14 45 122
14 46 142
14 47 160
14 48 180
14 49 198
14 50 214
14 51 196
14 52 176
14 53 158
14 54 138
14 55 156
14 56 176
14 57 194
14 58 214
14 59 232
14 60 248
14 61 230
14 62 210
14 63 192
14 64 172
14 65 190
14 66 210
14 67 228
14 68 248
14 69 266
15 0 128
15 1 110
15 2 90
15 3 72
15 4 52
15 5 34
15 6 54
15 7 72
15 8 92
15 9 110
15 10 94
15 11 76
15 12 56
15 13 38
15 14 18
15 15 0
15 16 20
15 17 38
15 18 58
15 19 76
15 20 128
15 21 110
15 22 90
15 23 72
15 24 52
15 25 34
15 26 54
15 27 72
15 28 92
15 29 110
15 30 163
15 31 145
15 32 125
15 33 107
15 34 87
15 35 69
15 36 89
15 37 107
15 38 127
15 39 145
15 40 198
15 41 180
15 42 160
15 43 142
15 44 122
15 45 104
15 46 124
15 47 142
15 48 162
15 49 180
15 50 232
15 51 214
15 52 194
15 53 176
15 54 156
15 55 138
15 56 158
15 57 176
15 58 196
15 59 214
15 60 266
15 61 248
15 62 228
15 63 210
15 64 190
15 65 172
15 66 192
15 67 210
15 68 230
15 69 248
16 0 148
16 1 130
16 2 110
16 3 92
16 4 72
16 5 54
16 6 34
16 7 52
16 8 72
16 9 90
16 10 114
16 11 96
16 12 76
16 13 58
16 14 38
16 15 20
16 16 0
16 17 18
16 18 38
16 19 56
16 20 148
16 21 130
16 22 110
16 23 92
16 24 72
16 25 54
16 26 34
16 27 52
16 28 72
16 29 90
16 30 183
16 31 165
16 32 145
16 33 127
16 34 107
16 35 89
16 36 69
16 37 87
16 38 107
16 39 125
16 40 218
16 41 200
16 42 180
16 43 162
16 44 142
16 45 124
16 46 104
16 47 122
16 48 142
16 49 160
16 50 252
16 51 234
16 52 214
16 53 196
16 54 176
16 55 158
16 56 138
16 57 156
16 58 176
16 59 194
16 60 286
16 61 268
16 62 248
16 63 230
16 64 210
16 65 192
16 66 172
16 67 190
16 68 210
16 69 228
17 0 166
17 1 148
17 2 128
17 3 110
17 4 90
17 5 72
17 6 52
17 7 34
17 8 54
17 9 72
17 10 132
17 11 114
17 12 94
17 13 76
17 14 56
17 15 38
17 16 18
17 17 0
17 18 20
17 19 38
17 20 166
17 21 148
17 22 128
17 23 110
17 24 90
17 25 72
17 26 52
17 27 34
17 28 54
17 29 72
17 30 201
17 31 183
17 32 163
17 33 145
17 34 125
17 35 107
17 36 87
17 37 69
17 38 89
17 39 107
17 40 236
17 41 218
17 42 198
17 43 180
17 44 160
17 45 142
17 46 122
17 47 104
17 48 124
17 49 142
17 50 270
17 51 252
17 52 232
17 53 214
17 54 194
17 55 176
17 56 156
17 57 138
17 58 158
17 59 176
17 60 304
17 61 286
17 62 266
17 63 248
17 64 228
17 65 210
17 66 190
17 67 172
17 68 192
17 69 210
18 0 186
18 1 168
18 2 148
18 3 130
18 4 110
18 5 92
18 6 72
18 7 54
18 8 34
18 9 52
18 10 152
18 11 134
18 12 114
18 13 96
18 14 76
18 15 58
18 16 38
18 17 20
18 18 0
18 19 18
18 20 186
18 21 168
18 22 148
18 23 130
18 24 110
18 25 92
18 26 72
18 27 54
18 28 34
18 29 52
18 30 221
18 31 203
18 32 183
18 33 165
18 34 145
18 35 127
18 36 107
18 37 89
18 38 69
18 39 87
18 40 256
18 41 238
18 42 218
18 43 200
18 44 180
18 45 162
18 46 142
18 47 124
18 48 104
18 49 122
18 50 290
18 51 272
18 52 252
18 53 234
18 54 214
18 55 196
18 56 176
18 57 158
18 58 138
18 59 156
18 60 324
18 61 306
18 62 286
18 63 268
18 64 248
18 65 230
18 66 210
18 67 192
18 68 172
18 69 190
19 0 204
19 1 186
19 2 166
19 3 148
19 4 128
19 5 110
19 6 90
19 7 72
19 8 52
19 9 34
19 10 170
19 11 152
19 12 132
19 13 114
19 14 94
19 15 76
19 16 56
19 17 38
19 18 18
19 19 0
19 20 204
19 21 186
19 22 166
19 23 148
19 24 128
19 25 110
19 26 90
19 27 72
19 28 52
19 29 34
19 30 239
19 31 221
19 32 201
19 33 183
19 34 163
19 35 145
19 36 125
19 37 107
19 38 87
19 39 69
19 40 274
19 41 256
19 42 236
19 43 218
19 44 198
19 45 180
19 46 160
19 47 142
19 48 122
19 49 104
19 50 308
19 51 290
19 52 270
19 53 252
19 54 232
19 55 214
19 56 194
19 57 176
19 58 156
19 59 138
19 60 342
19 61 324
19 62 304
19 63 286
19 64 266
19 65 248
19 66 228
19 67 210
19 68 190
19 69 172
20 0 68
20 1 86
20 2 106
20 3 124
20 4 144
20 5 162
20 6 182
20 7 200
20 8 220
20 9 238
20 10 34
20 11 52
20 12 72
20 13 90
20 14 110
20 15 128
20 16 148
20 17 166
20 18 186
20 19 204
20 20 0
20 21 18
20 22 38
20 23 56
20 24 76
20 25 94
20 26 114
20 27 132
20 28 152
20 29 170
20 30 35
20 31 53
20 32 73
20 33 91
20 34 111
20 35 129
20 36 149
20 37 167
20 38 187
20 39 205
20 40 70
20 41 88
20 42 108
20 43 126
20 44 146
20 45 164
20 46 184
20 47 202
20 48 222
20 49 240
20 50 104
20 51 122
20 52 142
20 53 160
20 54 180
20 55 198
20 56 218
20 57 236
20 58 256
20 59 274
20 60 138
20 61 156
20 62 176
20 63 194
20 64 214
20 65 232
20 66 252
20 67 270
20 68 290
20 69 308
21 0 86
21 1 68
21 2 88
21 3 106
21 4 126
21 5 144
21 6 164
21 7 182
21 8 202
21 9 220
21 10 52
21 11 34
21 12 54
21 13 72
21 14 92
21 15 110
21 16 130
21 17 148
21 18 168
21 19 186
21 20 18
21 21 0
21 22 20
21 23 38
21 24 58
21 25 76
21 26 96
21 27 114
21 28 134
21 29 152
21 30 53
21 31 35
21 32 55
21 33 73
21 34 93
21 35 111
21 36 131
21 37 149
21 38 169
21 39 187
21 40 88
21 41 70
21 42 90
21 43 108
21 44 128
21 45 146
21 46 166
21 47 184
21 48 204
21 49 222
21 50 122
21 51 104
21 52 124
21 53 142
21 54 162
21 55 180
21 56 200
21 57 218
21 58 238
21 59 256
21 60 156
21 61 138
21 62 158
21 63 176
21 64 196
21 65 214
21 66 234
21 67 252
21 68 272
21 69 290
22 0 106
22 1 88
22 2 68
22 3 86
22 4 106
22 5 124
22 6 144
22 7 162
22 8 182
22 9 200
22 10 72
22 11 54
22 12 34
22 13 52
22 14 72
22 15 90
22 16 110
22 17 128
22 18 148
22 19 166
22 20 38
22 21 20
22 22 0
22 23 18
22 24 38
22 25 56
22 26 76
22 27 94
22 28 114
22 29 132
22 30 73
22 31 55
22 32 35
22 33 53
22 34 73
22 35 91
22 36 111
22 37 129
22 38 149
22 39 167
22 40 108
22 41 90
22 42 70
22 43 88
22 44 108
22 45 126
22 46 146
22 47 164
22 48 184
22 49 202
22 50 142
22 51 124
22 52 104
22 53 122
22 54 142
22 55 160
22 56 180
22 57 198
22 58 218
22 59 236
22 60 176
22 61 158
22 62 138
22 63 156
22 64 176
22 65 194
22 66 214
22 67 232
22 68 252
22 69 270
23 0 124
23 1 106
23 2 86
23 3 68
23 4 88
23 5 106
23 6 126
23 7 144
23 8 164
23 9 182
23 10 90
23 11 72
23 12 52
23 13 34
23 14 54
23 15 72
23 16 92
23 17 110
23 18 130
23 19 148
23 20 56
23 21 38
23 22 18
23 23 0
23 24 20
23 25 38
23 26 58
23 27 76
23 28 96
23 29 114
23 30 91
23 31 73
23 32 53
23 33 35
23 34 55
23 35 73
23 36 93
23 37 111
23 38 131
23 39 149
23 40 126
23 41 108
23 42 88
23 43 70
23 44 90
23 45 108
23 46 128
23 47 146
23 48 166
23 49 184
23 50 160
23 51 142
23 52 122
23 53 104
23 54 124
23 55 142
23 56 162
23 57 180
23 58 200
23 59 218
23 60 194
23 61 176
23 62 156
23 63 138
23 64 158
23 65 176
23 66 196
23 67 214
23 68 234
23 69 252
24 0 144
24 1 126
24 2 106
24 3 88
24 4 68
24 5 86
24 6 106
24 7 124
24 8 144
24 9 162
24 10 110
24 11 92
24 12 72
24 13 54
24 14 34
24 15 52
24 16 72
24 17 90
24 18 110
24 19 128
24 20 76
24 21 58
24 22 38
24 23 20
24 24 0
24 25 18
24 26 38
24 27 56
24 28 76
24 29 94
24 30 111
24 31 93
24 32 73
24 33 55
24 34 35
24 35 53
24 36 73
24 37 91
24 38 111
24 39 129
24 40 146
24 41 128
24 42 108
24 43 90
24 44 70
24 45 88
24 46 108
24 47 126
24 48 146
24 49 164
24 50 180
24 51 162
24 52 142
24 53 124
24 54 104
24 55 122
24 56 142
24 57 160
24 58 180
24 59 198
24 60 214
24 61 196
24 62 176
24 63 158
24 64 138
24 65 156
24 66 176
24 67 194
24 68 214
24 69 232
25 0 162
25 1 144
25 2 124
25 3 106
25 4 86
25 5 68
25 6 88
25 7 106
25 8 126
25 9 144
25 10 128
25 11 110
25 12 90
25 13 72
25 14 52
25 15 34
25 16 54
25 17 72
25 18 92
25 19 110
25 20 94
25 21 76
25 22 56
25 23 38
25 24 18
25 25 0
25 26 20
25 27 38
25 28 58
25 29 76
25 30 129
25 31 111
25 32 91
25 33 73
25 34 53
25 35 35
25 36 55
25 37 73
25 38 93
25 39 111
25 40 164
25 41 146
25 42 126
25 43 108
25 44 88
25 45 70
25 46 90
25 47 108
25 48 128
25 49 146
25 50 198
25 51 180
25 52 160
25 53 142
25 54 122
25 55 104
25 56 124
25 57 142
25 58 162
25 59 180
25 60 232
25 61 214
25 62 194
25 63 176
25 64 156
25 65 138
25 66 158
25 67 176
25 68 196
25 69 214
26 0 182
26 1 164
26 2 144
26 3 126
26 4 106
26 5 88
26 6 68
26 7 86
26 8 106
26 9 124
26 10 148
26 11 130
26 12 110
26 13 92
26 14 72
26 15 54
26 16 34
26 17 52
26 18 72
26 19 90
26 20 114
26 21 96
26 22 76
26 23 58
26 24 38
26 25 20
26 26 0
26 27 18
26 28 38
26 29 56
26 30 149
26 31 131
26 32 111
26 33 93
26 34 73
26 35 55
26 36 35
26 37 53
26 38 73
26 39 91
26 40 184
26 41 166
26 42 146
26 43 128
26 44 108
26 45 90
26 46 70
26 47 88
26 48 108
26 49 126
26 50 218
26 51 200
26 52 180
26 53 162
26 54 142
26 55 124
26 56 104
26 57 122
26 58 142
26 59 160
26 60 252
26 61 234
26 62 214
26 63 196
26 64 176
26 65 158
26 66 138
26 67 156
26 68 176
26 69 194
27 0 200
27 1 182
27 2 162
27 3 144
27 4 124
27 5 106
27 6 86
27 7 68
27 8 88
27 9 106
27 10 166
27 11 148
27 12 128
27 13 110
27 14 90
27 15 72
27 16 52
27 17 34
27 18 54
27 19 72
27 20 132
27 21 114
27 22 94
27 23 76
27 24 56
27 25 38
27 26 18
27 27 0
27 28 20
27 29 38
27 30 167
27 31 149
27 32 129
27 33 111
27 34 91
27 35 73
27 36 53
27 37 35
27 38 55
27 39 73
27 40 202
27 41 184
27 42 164
27 43 146
27 44 126
27 45 108
27 46 88
27 47 70
27 48 90
27 49 108
27 50 236
27 51 218
27 52 198
27 53 180
27 54 160
27 55 142
27 56 122
27 57 104
27 58 124
27 59 142
27 60 270
27 61 252
27 62 232
27 63 214
27 64 194
27 65 176
27 66 156
27 67 138
27 68 158
27 69 176
28 0 220
28 1 202
28 2 182
28 3 164
28 4 144
28 5 126
28 6 106
28 7 88
28 8 68
28 9 86
28 10 186
28 11 168
28 12 148
28 13 130
28 14 110
28 15 92
28 16 72
28 17 54
28 18 34
28 19 52
28 20 152
28 21 134
28 22 114
28 23 96
28 24 76
28 25 58
28 26 38
28 27 20
28 28 0
28 29 18
28 30 187
28 31 169
28 32 149
28 33 131
28 34 111
28 35 93
28 36 73
28 37 55
28 38 35
28 39 53
28 40 222
28 41 204
28 42 184
28 43 166
28 44 146
28 45 128
28 46 108
28 47 90
28 48 70
28 49 88
28 50 256
28 51 238
28 52 218
28 53 200
28 54 180
28 55 162
28 56 142
28 57 124
28 58 104
28 59 122
28 60 290
28 61 272
28 62 252
28 63 234
28 64 214
28 65 196
28 66 176
28 67 158
28 68 138
28 69 156
29 0 238
29 1 220
29 2 200
29 3 182
29 4 162
29 5 144
29 6 124
29 7 106
29 8 86
29 9 68
29 10 204
29 11 186
29 12 166
29 13 148
29 14 128
29 15 110
29 16 90
29 17 72
29 18 52
29 19 34
29 20 170
29 21 152
29 22 132
29 23 114
29 24 94
29 25 76
29 26 56
29 27 38
29 28 18
29 29 0
29 30 205
29 31 187
29 32 167
29 33 149
29 34 129
29 35 111
29 36 91
29 37 73
29 38 53
29 39 35
29 40 240
29 41 222
29 42 202
29 43 184
29 44 164
29 45 146
29 46 126
29 47 108
29 48 88
29 49 70
29 50 274
29 51 256
29 52 236
29 53 218
29 54 198
29 55 180
29 56 160
29 57 142
29 58 122
29 59 104
29 60 308
29 61 290
29 62 270
29 63 252
29 64 232
29 65 214
29 66 194
29 67 176
29 68 156
29 69 138
30 0 103
30 1 121
30 2 141
30 3 159
30 4 179
30 5 197
30 6 217
30 7 235
30 8 255
30 9 273
30 10 69
30 11 87
30 12 107
30 13 125
30 14 145
30 15 163
30 16 183
30 17 201
30 18 221
30 19 239
30 20 35
30 21 53
30 22 73
30 23 91
30 24 111
30 25 129
30 26 149
30 27 167
30 28 187
30 29 205
30 30 0
30 31 18
30 32 38
30 33 56
30 34 76
30 35 94
30 36 114
30 37 132
30 38 152
30 39 170
30 40 35
30 41 53
30 42 73
30 43 91
30 44 111
30 45 129
30 46 149
30 47 167
30 48 187
30 49 205
30 50 69
30 51 87
30 52 107
30 53 125
30 54 145
30 55 163
30 56 183
30 57 201
30 58 221
30 59 239
30 60 103
30 61 121
30 62 141
30 63 159
30 64 179
30 65 197
30 66 217
30 67 235
30 68 255
30 69 273
31 0 121
31 1 103
31 2 123
31 3 141
31 4 161
31 5 179
31 6 199
31 7 217
31 8 237
31 9 255
31 10 87
31 11 69
31 12 89
31 13 107
31 14 127
31 15 145
31 16 165
31 17 183
31 18 203
31 19 221
31 20 53
31 21 35
31 22 55
31 23 73
31 24 93
31 25 111
31 26 131
31 27 149
31 28 169
31 29 187
31 30 18
31 31 0
31 32 20
31 33 38
31 34 58
31 35 76
31 36 96
31 37 114
31 38 134
31 39 152
31 40 53
31 41 35
31 42 55
31 43 73
31 44 93
31 45 111
31 46 131
31 47 149
31 48 169
31 49 187
31 50 87
31 51 69
31 52 89
31 53 107
31 54 127
31 55 145
31 56 165
31 57 183
31 58 203
31 59 221
31 60 121
31 61 103
31 62 123
31 63 141
31 64 161
31 65 179
31 66 199
31 67 217
31 68 237
31 69 255
32 0 141
32 1 123
32 2 103
32 3 121
32 4 141
32 5 159
32 6 179
32 7 197
32 8 217
32 9 235
32 10 107
32 11 89
32 12 69
32 13 87
32 14 107
32 15 125
32 16 145
32 17 163
32 18 183
32 19 201
32 20 73
32 21 55
32 22 35
32 23 53
32 24 73
32 25 91
32 26 111
32 27 129
32 28 149
32 29 167
32 30 38
32 31 20
32 32 0
32 33 18
32 34 38
32 35 56
32 36 76
32 37 94
32 38 114
32 39 132
32 40 73
32 41 55
32 42 35
32 43 53
32 44 73
32 45 91
32 46 111
32 47 129
32 48 149
32 49 167
32 50 107
32 51 89
32 52 69
32 53 87
32 54 107
32 55 125
32 56 145
32 57 163
32 58 183
32 59 201
32 60 141
32 61 123
32 62 103
32 63 121
32 64 141
32 65 159
32 66 179
32 67 197
32 68 217
32 69 235
33 0 159
33 1 141
33 2 121
33 3 103
33 4 123
33 5 141
33 6 161
33 7 179
33 8 199
33 9 217
33 10 125
33 11 107
33 12 87
33 13 69
33 14 89
33 15 107
33 16 127
33 17 145
33 18 165
33 19 183
33 20 91
33 21 73
33 22 53
33 23 35
33 24 55
33 25 73
33 26 93
33 27 111
33 28 131
33 29 149
33 30 56
33 31 38
33 32 18
33 33 0
33 34 20
33 35 38
33 36 58
33 37 76
33 38 96
33 39 114
33 40 91
33 41 73
33 42 53
33 43 35
33 44 55
33 45 73
33 46 93
33 47 111
33 48 131
33 49 149
33 50 125
33 51 107
33 52 87
33 53 69
33 54 89
33 55 107
33 56 127
33 57 145
33 58 165
33 59 183
33 60 159
33 61 141
33 62 121
33 63 103
33 64 123
33 65 141
33 66 161
33 67 179
33 68 199
33 69 217
34 0 179
34 1 161
34 2 141
34 3 123
34 4 103
34 5 121
34 6 141
34 7 159
34 8 179
34 9 197
34 10 145
34 11 127
34 12 107
34 13 89
34 14 69
34 15 87
34 16 107
34 17 125
34 18 145
34 19 163
34 20 111
34 21 93
34 22 73
34 23 55
34 24 35
34 25 53
34 26 73
34 27 91
34 28 111
34 29 129
34 30 76
34 31 58
34 32 38
34 33 20
34 34 0
34 35 18
34 36 38
34 37 56
34 38 76
34 39 94
34 40 111
34 41 93
34 42 73
34 43 55
34 44 35
34 45 53
34 46 73
34 47 91
34 48 111
34 49 129
34 50 145
34 51 127
34 52 107
34 53 89
34 54 69
34 55 87
34 56 107
34 57 125
34 58 145
34 59 163
34 60 179
34 61 161
34 62 141
34 63 123
34 64 103
34 65 121
34 66 141
34 67 159
34 68 179
34 69 197
35 0 197
35 1 179
35 2 159
35 3 141
35 4 121
35 5 103
35 6 123
35 7 141
35 8 161
35 9 179
35 10 163
35 11 145
35 12 125
35 13 107
35 14 87
35 15 69
35 16 89
35 17 107
35 18 127
35 19 145
35 20 129
35 21 111
35 22 91
35 23 73
35 24 53
35 25 35
35 26 55
35 27 73
35 28 93
35 29 111
35 30 94
35 31 76
35 32 56
35 33 38
35 34 18
35 35 0
35 36 20
35 37 38
35 38 58
35 39 76
35 40 129
35 41 111
35 42 91
35 43 73
35 44 53
35 45 35
35 46 55
35 47 73
35 48 93
35 49 111
35 50 163
35 51 145
35 52 125
35 53 107
35 54 87
35 55 69
35 56 89
35 57 107
35 58 127
35 59 145
35 60 197
35 61 179
35 62 159
35 63 141
35 64 121
35 65 103
35 66 123
35 67 141
35 68 161
35 69 179
36 0 217
36 1 199
36 2 179
36 3 161
36 4 141
36 5 123
36 6 103
36 7 121
36 8 141
36 9 159
36 10 183
36 11 165
36 12 145
36 13 127
36 14 107
36 15 89
36 16 69
36 17 87
36 18 107
36 19 125
36 20 149
36 21 131
36 22 111
36 23 93
36 24 73
36 25 55
36 26 35
36 27 53
36 28 73
36 29 91
36 30 114
36 31 96
36 32 76
36 33 58
36 34 38
36 35 20
36 36 0
36 37 18
36 38 38
36 39 56
36 40 149
36 41 131
36 42 111
36 43 93
36 44 73
36 45 55
36 46 35
36 47 53
36 48 73
36 49 91
36 50 183
36 51 165
36 52 145
36 53 127
36 54 107
36 55 89
36 56 69
36 57 87
36 58 107
36 59 125
36 60 217
36 61 199
36 62 179
36 63 161
36 64 141
36 65 123
36 66 103
36 67 121
36 68 141
36 69 159
37 0 235
37 1 217
37 2 197
37 3 179
37 4 159
37 5 141
37 6 121
37 7 103
37 8 123
37 9 141
37 10 201
37 11 183
37 12 163
37 13 145
37 14 125
37 15 107
37 16 87
37 17 69
37 18 89
37 19 107
37 20 167
37 21 149
37 22 129
37 23 111
37 24 91
37 25 73
37 26 53
37 27 35
37 28 55
37 29 73
37 30 132
37 31 114
37 32 94
37 33 76
37 34 56
37 35 38
37 36 18
37 37 0
37 38 20
37 39 38
37 40 167
37 41 149
37 42 129
37 43 111
37 44 91
37 45 73
37 46 53
37 47 35
37 48 55
37 49 73
37 50 201
37 51 183
37 52 163
37 53 145
37 54 125
37 55 107
37 56 87
37 57 69
37 58 89
37 59 107
37 60 235
37 61 217
37 62 197
37 63 179
37 64 159
37 65 141
37 66 121
37 67 103
37 68 123
37 69 141
38 0 255
38 1 237
38 2 217
38 3 199
38 4 179
38 5 161
38 6 141
38 7 123
38 8 103
38 9 121
38 10 221
38 11 203
38 12 183
38 13 165
38 14 145
38 15 127
38 16 107
38 17 89
38 18 69
38 19 87
38 20 187
38 21 169
38 22 149
38 23 131
38 24 111
38 25 93
38 26 73
38 27 55
38 28 35
38 29 53
38 30 152
38 31 134
38 32 114
38 33 96
38 34 76
38 35 58
38 36 38
38 37 20
38 38 0
38 39 18
38 40 187
38 41 169
38 42 149
38 43 131
38 44 111
38 45 93
38 46 73
38 47 55
38 48 35
38 49 53
38 50 221
38 51 203
38 52 183
38 53 165
38 54 145
38 55 127
38 56 107
38 57 89
38 58 69
38 59 87
38 60 255
38 61 237
38 62 217
38 63 199
38 64 179
38 65 161
38 66 141
38 67 123
38 68 103
38 69 121
39 0 273
39 1 255
39 2 235
39 3 217
39 4 197
39 5 179
39 6 159
39 7 141
39 8 121
39 9 103
39 10 239
39 11 221
39 12 201
39 13 183
39 14 163
39 15 145
39 16 125
39 17 107
39 18 87
39 19 69
39 20 205
39 21 187
39 22 167
39 23 149
39 24 129
39 25 111
39 26 91
39 27 73
39 28 53
39 29 35
39 30 170
39 31 152
39 32 132
39 33 114
39 34 94
39 35 76
39 36 56
39 37 38
39 38 18
39 39 0
39 40 205
39 41 187
39 42 167
39 43 149
39 44 129
39 45 111
39 46 91
39 47 73
39 48 53
39 49 35
39 50 239
39 51 221
39 52 201
39 53 183
39 54 163
39 55 145
39 56 125
39 57 107
39 58 87
39 59 69
39 60 273
39 61 255
39 62 235
39 63 217
39 64 197
39 65 179
39 66 159
39 67 141
39 68 121
39 69 103
40 0 138
40 1 156
40 2 176
40 3 194
40 4 214
40 5 232
40 6 252
40 7 270
40 8 290
40 9 308
40 10 104
40 11 122
40 12 142
40 13 160
40 14 180
40 15 198
40 16 218
40 17 236
40 18 256
40 19 274
40 20 70
40 21 88
40 22 108
40 23 126
40 24 146
40 25 164
40 26 184
40 27 202
40 28 222
40 29 240
40 30 35
40 31 53
40 32 73
40 33 91
40 34 111
40 35 129
40 36 149
40 37 167
40 38 187
40 39 205
40 40 0
40 41 18
40 42 38
40 43 56
40 44 76
40 45 94
40 46 114
40 47 132
40 48 152
40 49 170
40 50 34
40 51 52
40 52 72
40 53 90
40 54 110
40 55 128
40 56 148
40 57 166
40 58 186
40 59 204
40 60 68
40 61 86
40 62 106
40 63 124
40 64 144
40 65 162
40 66 182
40 67 200
40 68 220
40 69 238
41 0 156
41 1 138
41 2 158
41 3 176
41 4 196
41 5 214
41 6 234
41 7 252
41 8 272
41 9 290
41 10 122
41 11 104
41 12 124
41 13 142
41 14 162
41 15 180
41 16 200
41 17 218
41 18 238
41 19 256
41 20 88
41 21 70
41 22 90
41 23 108
41 24 128
41 25 146
41 26 166
41 27 184
41 28 204
41 29 222
41 30 53
41 31 35
41 32 55
41 33 73
41 34 93
41 35 111
41 36 131
41 37 149
41 38 169
41 39 187
41 40 18
41 41 0
41 42 20
41 43 38
41 44 58
41 45 76
41 46 96
41 47 114
41 48 134
41 49 152
41 50 52
41 51 34
41 52 54
41 53 72
41 54 92
41 55 110
41 56 130
41 57 148
41 58 168
41 59 186
41 60 86
41 61 68
41 62 88
41 63 106
41 64 126
41 65 144
41 66 164
41 67 182
41 68 202
41 69 220
42 0 176
42 1 158
42 2 138
42 3 156
42 4 176
42 5 194
42 6 214
42 7 232
42 8 252
42 9 270
42 10 142
42 11 124
42 12 104
42 13 122
42 14 142
42 15 160
42 16 180
42 17 198
42 18 218
42 19 236
42 20 108
42 21 90
42 22 70
42 23 88
42 24 108
42 25 126
42 26 146
42 27 164
42 28 184
42 29 202
42 30 73
42 31 55
42 32 35
42 33 53
42 34 73
42 35 91
42 36 111
42 37 129
42 38 149
42 39 167
42 40 38
42 41 20
42 42 0
42 43 18
42 44 38
42 45 56
42 46 76
42 47 94
42 48 114
42 49 132
42 50 72
42 51 54
42 52 34
42 53 52
42 54 72
42 55 90
42 56 110
42 57 128
42 58 148
42 59 166
42 60 106
42 61 88
42 62 68
42 63 86
42 64 106
42 65 124
42 66 144
42 67 162
42 68 182
42 69 200
43 0 194
43 1 176
43 2 156
43 3 138
43 4 158
43 5 176
43 6 196
43 7 214
43 8 234
43 9 252
43 10 160
43 11 142
43 12 122
43 13 104
43 14 124
43 15 142
43 16 162
43 17 180
43 18 200
43 19 218
43 20 126
43 21 108
43 22 88
43 23 70
43 24 90
43 25 108
43 26 128
43 27 146
43 28 166
43 29 184
43 30 91
43 31 73
43 32 53
43 33 35
43 34 55
43 35 73
43 36 93
43 37 111
43 38 131
43 39 149
43 40 56
43 41 38
43 42 18
43 43 0
43 44 20
43 45 38
43 46 58
43 47 76
43 48 96
43 49 114
43 50 90
43 51 72
43 52 52
43 53 34
43 54 54
43 55 72
43 56 92
43 57 110
43 58 130
43 59 148
43 60 124
43 61 106
43 62 86
43 63 68
43 64 88
43 65 106
43 66 126
43 67 144
43 68 164
43 69 182
44 0 214
44 1 196
44 2 176
44 3 158
44 4 138
44 5 156
44 6 176
44 7 194
44 8 214
44 9 232
44 10 180
44 11 162
44 12 142
44 13 124
44 14 104
44 15 122
44 16 142
44 17 160
44 18 180
44 19 198
44 20 146
44 21 128
44 22 108
44 23 90
44 24 70
44 25 88
44 26 108
44 27 126
44 28 146
44 29 164
44 30 111
44 31 93
44 32 73
44 33 55
44 34 35
44 35 53
44 36 73
44 37 91
44 38 111
44 39 129
44 40 76
44 41 58
44 42 38
44 43 20
44 44 0
44 45 18
44 46 38
44 47 56
44 48 76
44 49 94
44 50 110
44 51 92
44 52 72
44 53 54
44 54 34
44 55 52
44 56 72
44 57 90
44 58 110
44 59 128
44 60 144
44 61 126
44 62 106
44 63 88
44 64 68
44 65 86
44 66 106
44 67 124
44 68 144
44 69 162
45 0 232
45 1 214
45 2 194
45 3 176
45 4 156
45 5 138
45 6 158
45 7 176
45 8 196
45 9 214
45 10 198
45 11 180
45 12 160
45 13 142
45 14 122
45 15 104
45 16 124
45 17 142
45 18 162
45 19 180
45 20 164
45 21 146
45 22 126
45 23 108
45 24 88
45 25 70
45 26 90
45 27 108
45 28 128
45 29 146
45 30 129
45 31 111
45 32 91
45 33 73
45 34 53
45 35 35
45 36 55
45 37 73
45 38 93
45 39 111
45 40 94
45 41 76
45 42 56
45 43 38
45 44 18
45 45 0
45 46 20
45 47 38
45 48 58
45 49 76
45 50 128
45 51 110
45 52 90
45 53 72
45 54 52
45 55 34
45 56 54
45 57 72
45 58 92
45 59 110
45 60 162
45 61 144
45 62 124
45 63 106
45 64 86
45 65 68
45 66 88
45 67 106
45 68 126
45 69 144
46 0 252
46 1 234
46 2 214
46 3 196
46 4 176
46 5 158
46 6 138
46 7 156
46 8 176
46 9 194
46 10 218
46 11 200
46 12 180
46 13 162
46 14 142
46 15 124
46 16 104
46 17 122
46 18 142
46 19 160
46 20 184
46 21 166
46 22 146
46 23 128
46 24 108
46 25 90
46 26 70
46 27 88
46 28 108
46 29 126
46 30 149
46 31 131
46 32 111
46 33 93
46 34 73
46 35 55
46 36 35
46 37 53
46 38 73
46 39 91
46 40 114
46 41 96
46 42 76
46 43 58
46 44 38
46 45 20
46 46 0
46 47 18
46 48 38
46 49 56
46 50 148
46 51 130
46 52 110
46 53 92
46 54 72
46 55 54
46 56 34
46 57 52
46 58 72
46 59 90
46 60 182
46 61 164
46 62 144
46 63 126
46 64 106
46 65 88
46 66 68
46 67 86
46 68 106
46 69 124
47 0 270
47 1 252
47 2 232
47 3 214
47 4 194
47 5 176
47 6 156
47 7 138
47 8 158
47 9 176
47 10 236
47 11 218
47 12 198
47 13 180
47 14 160
47 15 142
47 16 122
47 17 104
47 18 124
47 19 142
47 20 202
47 21 184
47 22 164
47 23 146
47 24 126
47 25 108
47 26 88
47 27 70
47 28 90
47 29 108
47 30 167
47 31 149
47 32 129
47 33 111
47 34 91
47 35 73
47 36 53
47 37 35
47 38 55
47 39 73
47 40 132
47 41 114
47 42 94
47 43 76
47 44 56
47 45 38
47 46 18
47 47 0
47 48 20
47 49 38
47 50 166
47 51 148
47 52 128
47 53 110
47 54 90
47 55 72
47 56 52
47 57 34
47 58 54
47 59 72
47 60 200
47 61 182
47 62 162
47 63 144
47 64 124
47 65 106
47 66 86
47 67 68
47 68 88
47 69 106
48 0 290
48 1 272
48 2 252
48 3 234
48 4 214
48 5 196
48 6 176
48 7 158
48 8 138
48 9 156
48 10 256
48 11 238
48 12 218
48 13 200
48 14 180
48 15 162
48 16 142
48 17 124
48 18 104
48 19 122
48 20 222
48 21 204
48 22 184
48 23 166
48 24 146
48 25 128
48 26 108
48 27 90
48 28 70
48 29 88
48 30 187
48 31 169
48 32 149
48 33 131
48 34 111
48 35 93
48 36 73
48 37 55
48 38 35
48 39 53
48 40 152
48 41 134
48 42 114
48 43 96
48 44 76
48 45 58
48 46 38
48 47 20
48 48 0
48 49 18
48 50 186
48 51 168
48 52 148
48 53 130
48 54 110
48 55 92
48 56 72
48 57 54
48 58 34
48 59 52
48 60 220
48 61 202
48 62 182
48 63 164
48 64 144
48 65 126
48 66 106
48 67 88
48 68 68
48 69 86
49 0 308
49 1 290
49 2 270
49 3 252
49 4 232
49 5 214
49 6 194
49 7 176
49 8 156
49 9 138
49 10 274
49 11 256
49 12 236
49 13 218
49 14 198
49 15 180
49 16 160
49 17 142
49 18 122
49 19 104
49 20 240
49 21 222
49 22 202
49 23 184
49 24 164
49 25 146
49 26 126
49 27 108
49 28 88
49 29 70
49 30 205
49 31 187
49 32 167
49 33 149
49 34 129
49 35 111
49 36 91
49 37 73
49 38 53
49 39 35
49 40 170
49 41 152
49 42 132
49 43 114
49 44 94
49 45 76
49 46 56
49 47 38
49 48 18
49 49 0
49 50 204
49 51 186
49 52 166
49 53 148
49 54 128
49 55 110
49 56 90
49 57 72
49 58 52
49 59 34
49 60 238
49 61 220
49 62 200
49 63 182
49 64 162
49 65 144
49 66 124
49 67 106
49 68 86
49 69 68
50 0 172
50 1 190
50 2 210
50 3 228
50 4 248
50 5 266
50 6 286
50 7 304
50 8 324
50 9 342
50 10 138
50 11 156
50 12 176
50 13 194
50 14 214
50 15 232
50 16 252
50 17 270
50 18 290
50 19 308
50 20 104
50 21 122
50 22 142
50 23 160
50 24 180
50 25 198
50 26 218
50 27 236
50 28 256
50 29 274
50 30 69
50 31 87
50 32 107
50 33 125
50 34 145
50 35 163
50 36 183
50 37 201
50 38 221
50 39 239
50 40 34
50 41 52
50 42 72
50 43 90
50 44 110
50 45 128
50 46 148
50 47 166
50 48 186
50 49 204
50 50 0
50 51 18
50 52 38
50 53 56
50 54 76
50 55 94
50 56 114
50 57 132
50 58 152
50 59 170
50 60 34
50 61 52
50 62 72
50 63 90
50 64 110
50 65 128
50 66 148
50 67 166
50 68 186
50 69 204
51 0 190
51 1 172
51 2 192
51 3 210
51 4 230
51 5 248
51 6 268
51 7 286
51 8 306
51 9 324
51 10 156
51 11 138
51 12 158
51 13 176
51 14 196
51 15 214
51 16 234
51 17 252
51 18 272
51 19 290
51 20 122
51 21 104
51 22 124
51 23 142
51 24 162
51 25 180
51 26 200
51 27 218
51 28 238
51 29 256
51 30 87
51 31 69
51 32 89
51 33 107
51 34 127
51 35 145
51 36 165
51 37 183
51 38 203
51 39 221
51 40 52
51 41 34
51 42 54
51 43 72
51 44 92
51 45 110
51 46 130
51 47 148
51 48 168
51 49 186
51 50 18
51 51 0
51 52 20
51 53 38
51 54 58
51 55 76
51 56 96
51 57 114
51 58 134
51 59 152
51 60 52
51 61 34
51 62 54
51 63 72
51 64 92
51 65 110
51 66 130
51 67 148
51 68 168
51 69 186
52 0 210
52 1 192
52 2 172
52 3 190
52 4 210
52 5 228
52 6 248
52 7 266
52 8 286
52 9 304
52 10 176
52 11 158
52 12 138
52 13 156
52 14 176
52 15 194
52 16 214
52 17 232
52 18 252
52 19 270
52 20 142
52 21 124
52 22 104
52 23 122
52 24 142
52 25 160
52 26 180
52 27 198
52 28 218
52 29 236
52 30 107
52 31 89
52 32 69
52 33 87
52 34 107
52 35 125
52 36 145
52 37 163
52 38 183
52 39 201
52 40 72
52 41 54
52 42 34
52 43 52
52 44 72
52 45 90
52 46 110
52 47 128
52 48 148
52 49 166
52 50 38
52 51 20
52 52 0
52 53 18
52 54 38
52 55 56
52 56 76
52 57 94
52 58 114
52 59 132
52 60 72
52 61 54
52 62 34
52 63 52
52 64 72
52 65 90
52 66 110
52 67 128
52 68 148
52 69 166
53 0 228
53 1 210
53 2 190
53 3 172
53 4 192
53 5 210
53 6 230
53 7 248
53 8 268
53 9 286
53 10 194
53 11 176
53 12 156
53 13 138
53 14 158
53 15 176
53 16 196
53 17 214
53 18 234
53 19 252
53 20 160
53 21 142
53 22 122
53 23 104
53 24 124
53 25 142
53 26 162
53 27 180
53 28 200
53 29 218
53 30 125
53 31 107
53 32 87
53 33 69
53 34 89
53 35 107
53 36 127
53 37 145
53 38 165
53 39 183
53 40 90
53 41 72
53 42 52
53 43 34
53 44 54
53 45 72
53 46 92
53 47 110
53 48 130
53 49 148
53 50 56
53 51 38
53 52 18
53 53 0
53 54 20
53 55 38
53 56 58
53 57 76
53 58 96
53 59 114
53 60 90
53 61 72
53 62 52
53 63 34
53 64 54
53 65 72
53 66 92
53 67 110
53 68 130
53 69 148
54 0 248
54 1 230
54 2 210
54 3 192
54 4 172
54 5 190
54 6 210
54 7 228
54 8 248
54 9 266
54 10 214
54 11 196
54 12 176
54 13 158
54 14 138
54 15 156
54 16 176
54 17 194
54 18 214
54 19 232
54 20 180
54 21 162
54 22 142
54 23 124
54 24 104
54 25 122
54 26 142
54 27 160
54 28 180
54 29 198
54 30 145
54 31 127
54 32 107
54 33 89
54 34 69
54 35 87
54 36 107
54 37 125
54 38 145
54 39 163
54 40 110
54 41 92
54 42 72
54 43 54
54 44 34
54 45 52
54 46 72
54 47 90
54 48 110
54 49 128
54 50 76
54 51 58
54 52 38
54 53 20
54 54 0
54 55 18
54 56 38
54 57 56
54 58 76
54 59 94
54 60 110
54 61 92
54 62 72
54 63 54
54 64 34
54 65 52
54 66 72
54 67 90
54 68 110
54 69 128
55 0 266
55 1 248
55 2 228
55 3 210
55 4 190
55 5 172
55 6 192
55 7 210
55 8 230
55 9 248
55 10 232
55 11 214
55 12 194
55 13 176
55 14 156
55 15 138
55 16 158
55 17 176
55 18 196
55 19 214
55 20 198
55 21 180
55 22 160
55 23 142
55 24 122
55 25 104
55 26 124
55 27 142
55 28 162
55 29 180
55 30 163
55 31 145
55 32 125
55 33 107
55 34 87
55 35 69
55 36 89
55 37 107
55 38 127
55 39 145
55 40 128
55 41 110
55 42 90
55 43 72
55 44 52
55 45 34
55 46 54
55 47 72
55 48 92
55 49 110
55 50 94
55 51 76
55 52 56
55 53 38
55 54 18
55 55 0
55 56 20
55 57 38
55 58 58
55 59 76
55 60 128
55 61 110
55 62 90
55 63 72
55 64 52
55 65 34
55 66 54
55 67 72
55 68 92
55 69 110
56 0 286
56 1 268
56 2 248
56 3 230
56 4 210
56 5 192
56 6 172
56 7 190
56 8 210
56 9 228
56 10 252
56 11 234
56 12 214
56 13 196
56 14 176
56 15 158
56 16 138
56 17 156
56 18 176
56 19 194
56 20 218
56 21 200
56 22 180
56 23 162
56 24 142
56 25 124
56 26 104
56 27 122
56 28 142
56 29 160
56 30 183
56 31 165
56 32 145
56 33 127
56 34 107
56 35 89
56 36 69
56 37 87
56 38 107
56 39 125
56 40 148
56 41 130
56 42 110
56 43 92
56 44 72
56 45 54
56 46 34
56 47 52
56 48 72
56 49 90
56 50 114
56 51 96
56 52 76
56 53 58
56 54 38
56 55 20
56 56 0
56 57 18
56 58 38
56 59 56
56 60 148
56 61 130
56 62 110
56 63 92
56 64 72
56 65 54
56 66 34
56 67 52
56 68 72
56 69 90
57 0 304
57 1 286
57 2 266
57 3 248
57 4 228
57 5 210
57 6 190
57 7 172
57 8 192
57 9 210
57 10 270
57 11 252
57 12 232
57 13 214
57 14 194
57 15 176
57 16 156
57 17 138
57 18 158
57 19 176
57 20 236
57 21 218
57 22 198
57 23 180
57 24 160
57 25 142
57 26 122
57 27 104
57 28 124
57 29 142
57 30 201
57 31 183
57 32 163
57 33 145
57 34 125
57 35 107
57 36 87
57 37 69
57 38 89
57 39 107
57 40 166
57 41 148
57 42 128
57 43 110
57 44 90
57 45 72
57 46 52
57 47 34
57 48 54
57 49 72
57 50 132
57 51 114
57 52 94
57 53 76
57 54 56
57 55 38
57 56 18
57 57 0
57 58 20
57 59 38
57 60 166
57 61 148
57 62 128
57 63 110
57 64 90
57 65 72
57 66 52
57 67 34
57 68 54
57 69 72
58 0 324
58 1 306
58 2 286
58 3 268
58 4 248
58 5 230
58 6 210
58 7 192
58 8 172
58 9 190
58 10 290
58 11 272
58 12 252
58 13 234
58 14 214
58 15 196
58 16 176
58 17 158
58 18 138
58 19 156
58 20 256
58 21 238
58 22 218
58 23 200
58 24 180
58 25 162
58 26 142
58 27 124
58 28 104
58 29 122
58 30 221
58 31 203
58 32 183
58 33 165
58 34 145
58 35 127
58 36 107
58 37 89
58 38 69
58 39 87
58 40 186
58 41 168
58 42 148
58 43 130
58 44 110
58 45 92
58 46 72
58 47 54
58 48 34
58 49 52
58 50 152
58 51 134
58 52 114
58 53 96
58 54 76
58 55 58
58 56 38
58 57 20
58 58 0
58 59 18
58 60 186
58 61 168
58 62 148
58 63 130
58 64 110
58 65 92
58 66 72
58 67 54
58 68 34
58 69 52
59 0 342
59 1 324
59 2 304
59 3 286
59 4 266
59 5 248
59 6 228
59 7 210
59 8 190
59 9 172
59 10 308
59 11 290
59 12 270
59 13 252
59 14 232
59 15 214
59 16 194
59 17 176
59 18 156
59 19 138
59 20 274
59 21 256
59 22 236
59 23 218
59 24 198
59 25 180
59 26 160
59 27 142
59 28 122
59 29 104
59 30 239
59 31 221
59 32 201
59 33 183
59 34 163
59 35 145
59 36 125
59 37 107
59 38 87
59 39 69
59 40 204
59 41 186
59 42 166
59 43 148
59 44 128
59 45 110
59 46 90
59 47 72
59 48 52
59 49 34
59 50 170
59 51 152
59 52 132
59 53 114
59 54 94
59 55 76
59 56 56
59 57 38
59 58 18
59 59 0
59 60 204
59 61 186
59 62 166
59 63 148
59 64 128
59 65 110
59 66 90
59 67 72
59 68 52
59 69 34
60 0 206
60 1 224
60 2 244
60 3 262
60 4 282
60 5 300
60 6 320
60 7 338
60 8 358
60 9 376
60 10 172
60 11 190
60 12 210
60 13 228
60 14 248
60 15 266
60 16 286
60 17 304
60 18 324
60 19 342
60 20 138
60 21 156
60 22 176
60 23 194
60 24 214
60 25 232
60 26 252
60 27 270
60 28 290
60 29 308
60 30 103
60 31 121
60 32 141
60 33 159
60 34 179
60 35 197
60 36 217
60 37 235
60 38 255
60 39 273
60 40 68
60 41 86
60 42 106
60 43 124
60 44 144
60 45 162
60 46 182
60 47 200
60 48 220
60 49 238
60 50 34
60 51 52
60 52 72
60 53 90
60 54 110
60 55 128
60 56 148
60 57 166
60 58 186
60 59 204
60 60 0
60 61 18
60 62 38
60 63 56
60 64 76
60 65 94
60 66 114
60 67 132
60 68 152
60 69 170
61 0 224
61 1 206
61 2 226
61 3 244
61 4 264
61 5 282
61 6 302
61 7 320
61 8 340
61 9 358
61 10 190
61 11 172
61 12 192
61 13 210
61 14 230
61 15 248
61 16 268
61 17 286
61 18 306
61 19 324
61 20 156
61 21 138
61 22 158
61 23 176
61 24 196
61 25 214
61 26 234
61 27 252
61 28 272
61 29 290
61 30 121
61 31 103
61 32 123
61 33 141
61 34 161
61 35 179
61 36 199
61 37 217
61 38 237
61 39 255
61 40 86
61 41 68
61 42 88
61 43 106
61 44 126
61 45 144
61 46 164
61 47 182
61 48 202
61 49 220
61 50 52
61 51 34
61 52 54
61 53 72
61 54 92
61 55 110
61 56 130
61 57 148
61 58 168
61 59 186
61 60 18
61 61 0
61 62 20
61 63 38
61 64 58
61 65 76
61 66 96
61 67 114
61 68 134
61 69 152
62 0 244
62 1 226
62 2 206
62 3 224
62 4 244
62 5 262
62 6 282
62 7 300
62 8 320
62 9 338
62 10 210
62 11 192
62 12 172
62 13 190
62 14 210
62 15 228
62 16 248
62 17 266
62 18 286
62 19 304
62 20 176
62 21 158
62 22 138
62 23 156
62 24 176
62 25 194
62 26 214
62 27 232
62 28 252
62 29 270
62 30 141
62 31 123
62 32 103
62 33 121
62 34 141
62 35 159
62 36 179
62 37 197
62 38 217
62 39 235
62 40 106
62 41 88
62 42 68
62 43 86
62 44 106
62 45 124
62 46 144
62 47 162
62 48 182
62 49 200
62 50 72
62 51 54
62 52 34
62 53 52
62 54 72
62 55 90
62 56 110
62 57 128
62 58 148
62 59 166
62 60 38
62 61 20
62 62 0
62 63 18
62 64 38
62 65 56
62 66 76
62 67 94
62 68 114
62 69 132
63 0 262
63 1 244
63 2 224
63 3 206
63 4 226
63 5 244
63 6 264
63 7 282
63 8 302
63 9 320
63 10 228
63 11 210
63 12 190
63 13 172
63 14 192
63 15 210
63 16 230
63 17 248
63 18 268
63 19 286
63 20 194
63 21 176
63 22 156
63 23 138
63 24 158
63 25 176
63 26 196
63 27 214
63 28 234
63 29 252
63 30 159
63 31 141
63 32 121
63 33 103
63 34 123
63 35 141
63 36 161
63 37 179
63 38 199
63 39 217
63 40 124
63 41 106
63 42 86
63 43 68
63 44 88
63 45 106
63 46 126
63 47 144
63 48 164
63 49 182
63 50 90
63 51 72
63 52 52
63 53 34
63 54 54
63 55 72
63 56 92
63 57 110
63 58 130
63 59 148
63 60 56
63 61 38
63 62 18
63 63 0
63 64 20
63 65 38
63 66 58
63 67 76
63 68 96
63 69 114
64 0 282
64 1 264
64 2 244
64 3 226
64 4 206
64 5 224
64 6 244
64 7 262
64 8 282
64 9 300
64 10 248
64 11 230
64 12 210
64 13 192
64 14 172
64 15 190
64 16 210
64 17 228
64 18 248
64 19 266
64 20 214
64 21 196
64 22 176
64 23 158
64 24 138
64 25 156
64 26 176
64 27 194
64 28 214
64 29 232
64 30 179
64 31 161
64 32 141
64 33 123
64 34 103
64 35 121
64 36 141
64 37 159
64 38 179
64 39 197
64 40 144
64 41 126
64 42 106
64 43 88
64 44 68
64 45 86
64 46 106
64 47 124
64 48 144
64 49 162
64 50 110
64 51 92
64 52 72
64 53 54
64 54 34
64 55 52
64 56 72
64 57 90
64 58 110
64 59 128
64 60 76
64 61 58
64 62 38
64 63 20
64 64 0
64 65 18
64 66 38
64 67 56
64 68 76
64 69 94
65 0 300
65 1 282
65 2 262
65 3 244
65 4 224
65 5 206
65 6 226
65 7 244
65 8 264
65 9 282
65 10 266
65 11 248
65 12 228
65 13 210
65 14 190
65 15 172
65 16 192
65 17 210
65 18 230
65 19 248
65 20 232
65 21 214
65 22 194
65 23 176
65 24 156
65 25 138
65 26 158
65 27 176
65 28 196
65 29 214
65 30 197
65 31 179
65 32 159
65 33 141
65 34 121
65 35 103
65 36 123
65 37 141
65 38 161
65 39 179
65 40 162
65 41 144
65 42 124
65 43 106
65 44 86
65 45 68
65 46 88
65 47 106
65 48 126
65 49 144
65 50 128
65 51 110
65 52 90
65 53 72
65 54 52
65 55 34
65 56 54
65 57 72
65 58 92
65 59 110
65 60 94
65 61 76
65 62 56
65 63 38
65 64 18
65 65 0
65 66 20
65 67 38
65 68 58
65 69 76
66 0 320
66 1 302
66 2 282
66 3 264
66 4 244
66 5 226
66 6 206
66 7 224
66 8 244
66 9 262
66 10 286
66 11 268
66 12 248
66 13 230
66 14 210
66 15 192
66 16 172
66 17 190
66 18 210
66 19 228
66 20 252
66 21 234
66 22 214
66 23 196
66 24 176
66 25 158
66 26 138
66 27 156
66 28 176
66 29 194
66 30 217
66 31 199
66 32 179
66 33 161
66 34 141
66 35 123
66 36 103
66 37 121
66 38 141
66 39 159
66 40 182
66 41 164
66 42 144
66 43 126
66 44 106
66 45 88
66 46 68
66 47 86
66 48 106
66 49 124
66 50 148
66 51 130
66 52 110
66 53 92
66 54 72
66 55 54
66 56 34
66 57 52
66 58 72
66 59 90
66 60 114
66 61 96
66 62 76
66 63 58
66 64 38
66 65 20
66 66 0
66 67 18
66 68 38
66 69 56
67 0 338
67 1 320
67 2 300
67 3 282
67 4 262
67 5 244
67 6 224
67 7 206
67 8 226
67 9 244
67 10 304
67 11 286
67 12 266
67 13 248
67 14 228
67 15 210
67 16 190
67 17 172
67 18 192
67 19 210
67 20 270
67 21 252
67 22 232
67 23 214
67 24 194
67 25 176
67 26 156
67 27 138
67 28 158
67 29 176
67 30 235
67 31 217
67 32 197
67 33 179
67 34 159
67 35 141
67 36 121
67 37 103
67 38 123
67 39 141
67 40 200
67 41 182
67 42 162
67 43 144
67 44 124
67 45 106
67 46 86
67 47 68
67 48 88
67 49 106
67 50 166
67 51 148
67 52 128
67 53 110
67 54 90
67 55 72
67 56 52
67 57 34
67 58 54
67 59 72
67 60 132
67 61 114
67 62 94
67 63 76
67 64 56
67 65 38
67 66 18
67 67 0
67 68 20
67 69 38
68 0 358
68 1 340
68 2 320
68 3 302
68 4 282
68 5 264
68 6 244
68 7 226
68 8 206
68 9 224
68 10 324
68 11 306
68 12 286
68 13 268
68 14 248
68 15 230
68 16 210
68 17 192
68 18 172
68 19 190
68 20 290
68 21 272
68 22 252
68 23 234
68 24 214
68 25 196
68 26 176
68 27 158
68 28 138
68 29 156
68 30 255
68 31 237
68 32 217
68 33 199
68 34 179
68 35 161
68 36 141
68 37 123
68 38 103
68 39 121
68 40 220
68 41 202
68 42 182
68 43 164
68 44 144
68 45 126
68 46 106
68 47 88
68 48 68
68 49 86
68 50 186
68 51 168
68 52 148
68 53 130
68 54 110
68 55 92
68 56 72
68 57 54
68 58 34
68 59 52
68 60 152
68 61 134
68 62 114
68 63 96
68 64 76
68 65 58
68 66 38
68 67 20
68 68 0
68 69 18
69 0 376
69 1 358
69 2 338
69 3 320
69 4 300
69 5 282
69 6 262
69 7 244
69 8 224
69 9 206
69 10 342
69 11 324
69 12 304
69 13 286
69 14 266
69 15 248
69 16 228
69 17 210
69 18 190
69 19 172
69 20 308
69 21 290
69 22 270
69 23 252
69 24 232
69 25 214
69 26 194
69 27 176
69 28 156
69 29 138
69 30 273
69 31 255
69 32 235
69 33 217
69 34 197
69 35 179
69 36 159
69 37 141
69 38 121
69 39 103
69 40 238
69 41 220
69 42 200
69 43 182
69 44 162
69 45 144
69 46 124
69 47 106
69 48 86
69 49 68
69 50 204
69 51 186
69 52 166
69 53 148
69 54 128
69 55 110
69 56 90
69 57 72
69 58 52
69 59 34
69 60 170
69 61 152
69 62 132
69 63 114
69 64 94
69 65 76
69 66 56
69 67 38
69 68 18
69 69 0
