70 30 110
2 2 2 2 12 19 19 19 20 19 2 2 2 2 12 19 19 19 20 19 2 2 2 2 12 12 12 12 2 2 2 2 2 2 12 19 12 12 2 2 2 2 2 2 12 19 19 2 2 2 2 2 2 2 2 12 2 2 2 2 19 12 2 2 2 2 2 2 2 2
0 0 0.0
0 1 28.0
0 2 56.0
0 3 85.0
0 4 114.0
0 5 142.0
0 6 170.0
0 7 22.0
0 8 50.0
0 9 78.0
0 10 107.0
0 11 136.0
0 12 164.0
0 13 192.0
0 14 46.0
0 15 74.0
0 16 102.0
0 17 131.0
0 18 160.0
0 19 188.0
0 20 216.0
0 21 68.0
0 22 96.0
0 23 124.0
0 24 153.0
0 25 182.0
0 26 210.0
0 27 238.0
0 28 92.0
0 29 120.0
0 30 148.0
0 31 177.0
0 32 206.0
0 33 234.0
0 34 262.0
0 35 114.0
0 36 142.0
0 37 170.0
0 38 199.0
0 39 228.0
0 40 256.0
0 41 284.0
0 42 138.0
0 43 166.0
0 44 194.0
0 45 223.0
0 46 252.0
0 47 280.0
0 48 308.0
0 49 160.0
0 50 188.0
0 51 216.0
0 52 245.0
0 53 274.0
0 54 302.0
0 55 330.0
0 56 184.0
0 57 212.0
0 58 240.0
0 59 269.0
0 60 298.0
0 61 326.0
0 62 354.0
0 63 206.0
0 64 234.0
0 65 262.0
0 66 291.0
0 67 320.0
0 68 348.0
0 69 376.0
1 0 28.0
1 1 0.0
1 2 28.0
1 3 57.0
1 4 86.0
1 5 114.0
1 6 142.0
1 7 50.0
1 8 22.0
1 9 50.0
1 10 79.0
1 11 108.0
1 12 136.0
1 13 164.0
1 14 74.0
1 15 46.0
1 16 74.0
1 17 103.0
1 18 132.0
1 19 160.0
1 20 188.0
1 21 96.0
1 22 68.0
1 23 96.0
1 24 125.0
1 25 154.0
1 26 182.0
1 27 210.0
1 28 120.0
1 29 92.0
1 30 120.0
1 31 149.0
1 32 178.0
1 33 206.0
1 34 234.0
1 35 142.0
1 36 114.0
1 37 142.0
1 38 171.0
1 39 200.0
1 40 228.0
1 41 256.0
1 42 166.0
1 43 138.0
1 44 166.0
1 45 195.0
1 46 224.0
1 47 252.0
1 48 280.0
1 49 188.0
1 50 160.0
1 51 188.0
1 52 217.0
1 53 246.0
1 54 274.0
1 55 302.0
1 56 212.0
1 57 184.0
1 58 212.0
1 59 241.0
1 60 270.0
1 61 298.0
1 62 326.0
1 63 234.0
1 64 206.0
1 65 234.0
1 66 263.0
1 67 292.0
1 68 320.0
1 69 348.0
2 0 56.0
2 1 28.0
2 2 0.0
2 3 29.0
2 4 58.0
2 5 86.0
2 6 114.0
2 7 78.0
2 8 50.0
2 9 22.0
2 10 51.0
2 11 80.0
2 12 108.0
2 13 136.0
2 14 102.0
2 15 74.0
2 16 46.0
2 17 75.0
2 18 104.0
2 19 132.0
2 20 160.0
2 21 124.0
2 22 96.0
2 23 68.0
2 24 97.0
2 25 126.0
2 26 154.0
2 27 182.0
2 28 148.0
2 29 120.0
2 30 92.0
2 31 121.0
2 32 150.0
2 33 178.0
2 34 206.0
2 35 170.0
2 36 142.0
2 37 114.0
2 38 143.0
2 39 172.0
2 40 200.0
2 41 228.0
2 42 194.0
2 43 166.0
2 44 138.0
2 45 167.0
2 46 196.0
2 47 224.0
2 48 252.0
2 49 216.0
2 50 188.0
2 51 160.0
2 52 189.0
2 53 218.0
2 54 246.0
2 55 274.0
2 56 240.0
2 57 212.0
2 58 184.0
2 59 213.0
2 60 242.0
2 61 270.0
2 62 298.0
2 63 262.0
2 64 234.0
2 65 206.0
2 66 235.0
2 67 264.0
2 68 292.0
2 69 320.0
3 0 85.0
3 1 57.0
3 2 29.0
3 3 0.0
3 4 29.0
3 5 57.0
3 6 85.0
3 7 107.0
3 8 79.0
3 9 51.0
3 10 22.0
3 11 51.0
3 12 79.0
3 13 107.0
3 14 131.0
3 15 103.0
3 16 75.0
3 17 46.0
3 18 75.0
3 19 103.0
3 20 131.0
3 21 153.0
3 22 125.0
3 23 97.0
3 24 68.0
3 25 97.0
3 26 125.0
3 27 153.0
3 28 177.0
3 29 149.0
3 30 121.0
3 31 92.0
3 32 121.0
3 33 149.0
3 34 177.0
3 35 199.0
3 36 171.0
3 37 143.0
3 38 114.0
3 39 143.0
3 40 171.0
3 41 199.0
3 42 223.0
3 43 195.0
3 44 167.0
3 45 138.0
3 46 167.0
3 47 195.0
3 48 223.0
3 49 245.0
3 50 217.0
3 51 189.0
3 52 160.0
3 53 189.0
3 54 217.0
3 55 245.0
3 56 269.0
3 57 241.0
3 58 213.0
3 59 184.0
3 60 213.0
3 61 241.0
3 62 269.0
3 63 291.0
3 64 263.0
3 65 235.0
3 66 206.0
3 67 235.0
3 68 263.0
3 69 291.0
4 0 114.0
4 1 86.0
4 2 58.0
4 3 29.0
4 4 0.0
4 5 28.0
4 6 56.0
4 7 136.0
4 8 108.0
4 9 80.0
4 10 51.0
4 11 22.0
4 12 50.0
4 13 78.0
4 14 160.0
4 15 132.0
4 16 104.0
4 17 75.0
4 18 46.0
4 19 74.0
4 20 102.0
4 21 182.0
4 22 154.0
4 23 126.0
4 24 97.0
4 25 68.0
4 26 96.0
4 27 124.0
4 28 206.0
4 29 178.0
4 30 150.0
4 31 121.0
4 32 92.0
4 33 120.0
4 34 148.0
4 35 228.0
4 36 200.0
4 37 172.0
4 38 143.0
4 39 114.0
4 40 142.0
4 41 170.0
4 42 252.0
4 43 224.0
4 44 196.0
4 45 167.0
4 46 138.0
4 47 166.0
4 48 194.0
4 49 274.0
4 50 246.0
4 51 218.0
4 52 189.0
4 53 160.0
4 54 188.0
4 55 216.0
4 56 298.0
4 57 270.0
4 58 242.0
4 59 213.0
4 60 184.0
4 61 212.0
4 62 240.0
4 63 320.0
4 64 292.0
4 65 264.0
4 66 235.0
4 67 206.0
4 68 234.0
4 69 262.0
5 0 142.0
5 1 114.0
5 2 86.0
5 3 57.0
5 4 28.0
5 5 0.0
5 6 28.0
5 7 164.0
5 8 136.0
5 9 108.0
5 10 79.0
5 11 50.0
5 12 22.0
5 13 50.0
5 14 188.0
5 15 160.0
5 16 132.0
5 17 103.0
5 18 74.0
5 19 46.0
5 20 74.0
5 21 210.0
5 22 182.0
5 23 154.0
5 24 125.0
5 25 96.0
5 26 68.0
5 27 96.0
5 28 234.0
5 29 206.0
5 30 178.0
5 31 149.0
5 32 120.0
5 33 92.0
5 34 120.0
5 35 256.0
5 36 228.0
5 37 200.0
5 38 171.0
5 39 142.0
5 40 114.0
5 41 142.0
5 42 280.0
5 43 252.0
5 44 224.0
5 45 195.0
5 46 166.0
5 47 138.0
5 48 166.0
5 49 302.0
5 50 274.0
5 51 246.0
5 52 217.0
5 53 188.0
5 54 160.0
5 55 188.0
5 56 326.0
5 57 298.0
5 58 270.0
5 59 241.0
5 60 212.0
5 61 184.0
5 62 212.0
5 63 348.0
5 64 320.0
5 65 292.0
5 66 263.0
5 67 234.0
5 68 206.0
5 69 234.0
6 0 170.0
6 1 142.0
6 2 114.0
6 3 85.0
6 4 56.0
6 5 28.0
6 6 0.0
6 7 192.0
6 8 164.0
6 9 136.0
6 10 107.0
6 11 78.0
6 12 50.0
6 13 22.0
6 14 216.0
6 15 188.0
6 16 160.0
6 17 131.0
6 18 102.0
6 19 74.0
6 20 46.0
6 21 238.0
6 22 210.0
6 23 182.0
6 24 153.0
6 25 124.0
6 26 96.0
6 27 68.0
6 28 262.0
6 29 234.0
6 30 206.0
6 31 177.0
6 32 148.0
6 33 120.0
6 34 92.0
6 35 284.0
6 36 256.0
6 37 228.0
6 38 199.0
6 39 170.0
6 40 142.0
6 41 114.0
6 42 308.0
6 43 280.0
6 44 252.0
6 45 223.0
6 46 194.0
6 47 166.0
6 48 138.0
6 49 330.0
6 50 302.0
6 51 274.0
6 52 245.0
6 53 216.0
6 54 188.0
6 55 160.0
6 56 354.0
6 57 326.0
6 58 298.0
6 59 269.0
6 60 240.0
6 61 212.0
6 62 184.0
6 63 376.0
6 64 348.0
6 65 320.0
6 66 291.0
6 67 262.0
6 68 234.0
6 69 206.0
7 0 22.0
7 1 50.0
7 2 78.0
7 3 107.0
7 4 136.0
7 5 164.0
7 6 192.0
7 7 0.0
7 8 28.0
7 9 56.0
7 10 85.0
7 11 114.0
7 12 142.0
7 13 170.0
7 14 24.0
7 15 52.0
7 16 80.0
7 17 109.0
7 18 138.0
7 19 166.0
7 20 194.0
7 21 46.0
7 22 74.0
7 23 102.0
7 24 131.0
7 25 160.0
7 26 188.0
7 27 216.0
7 28 70.0
7 29 98.0
7 30 126.0
7 31 155.0
7 32 184.0
7 33 212.0
7 34 240.0
7 35 92.0
7 36 120.0
7 37 148.0
7 38 177.0
7 39 206.0
7 40 234.0
7 41 262.0
7 42 116.0
7 43 144.0
7 44 172.0
7 45 201.0
7 46 230.0
7 47 258.0
7 48 286.0
7 49 138.0
7 50 166.0
7 51 194.0
7 52 223.0
7 53 252.0
7 54 280.0
7 55 308.0
7 56 162.0
7 57 190.0
7 58 218.0
7 59 247.0
7 60 276.0
7 61 304.0
7 62 332.0
7 63 184.0
7 64 212.0
7 65 240.0
7 66 269.0
7 67 298.0
7 68 326.0
7 69 354.0
8 0 50.0
8 1 22.0
8 2 50.0
8 3 79.0
8 4 108.0
8 5 136.0
8 6 164.0
8 7 28.0
8 8 0.0
8 9 28.0
8 10 57.0
8 11 86.0
8 12 114.0
8 13 142.0
8 14 52.0
8 15 24.0
8 16 52.0
8 17 81.0
8 18 110.0
8 19 138.0
8 20 166.0
8 21 74.0
8 22 46.0
8 23 74.0
8 24 103.0
8 25 132.0
8 26 160.0
8 27 188.0
8 28 98.0
8 29 70.0
8 30 98.0
8 31 127.0
8 32 156.0
8 33 184.0
8 34 212.0
8 35 120.0
8 36 92.0
8 37 120.0
8 38 149.0
8 39 178.0
8 40 206.0
8 41 234.0
8 42 144.0
8 43 116.0
8 44 144.0
8 45 173.0
8 46 202.0
8 47 230.0
8 48 258.0
8 49 166.0
8 50 138.0
8 51 166.0
8 52 195.0
8 53 224.0
8 54 252.0
8 55 280.0
8 56 190.0
8 57 162.0
8 58 190.0
8 59 219.0
8 60 248.0
8 61 276.0
8 62 304.0
8 63 212.0
8 64 184.0
8 65 212.0
8 66 241.0
8 67 270.0
8 68 298.0
8 69 326.0
9 0 78.0
9 1 50.0
9 2 22.0
9 3 51.0
9 4 80.0
9 5 108.0
9 6 136.0
9 7 56.0
9 8 28.0
9 9 0.0
9 10 29.0
9 11 58.0
9 12 86.0
9 13 114.0
9 14 80.0
9 15 52.0
9 16 24.0
9 17 53.0
9 18 82.0
9 19 110.0
9 20 138.0
9 21 102.0
9 22 74.0
9 23 46.0
9 24 75.0
9 25 104.0
9 26 132.0
9 27 160.0
9 28 126.0
9 29 98.0
9 30 70.0
9 31 99.0
9 32 128.0
9 33 156.0
9 34 184.0
9 35 148.0
9 36 120.0
9 37 92.0
9 38 121.0
9 39 150.0
9 40 178.0
9 41 206.0
9 42 172.0
9 43 144.0
9 44 116.0
9 45 145.0
9 46 174.0
9 47 202.0
9 48 230.0
9 49 194.0
9 50 166.0
9 51 138.0
9 52 167.0
9 53 196.0
9 54 224.0
9 55 252.0
9 56 218.0
9 57 190.0
9 58 162.0
9 59 191.0
9 60 220.0
9 61 248.0
9 62 276.0
9 63 240.0
9 64 212.0
9 65 184.0
9 66 213.0
9 67 242.0
9 68 270.0
9 69 298.0
10 0 107.0
10 1 79.0
10 2 51.0
10 3 22.0
10 4 51.0
10 5 79.0
10 6 107.0
10 7 85.0
10 8 57.0
10 9 29.0
10 10 0.0
10 11 29.0
10 12 57.0
10 13 85.0
10 14 109.0
10 15 81.0
10 16 53.0
10 17 24.0
10 18 53.0
10 19 81.0
10 20 109.0
10 21 131.0
10 22 103.0
10 23 75.0
10 24 46.0
10 25 75.0
10 26 103.0
10 27 131.0
10 28 155.0
10 29 127.0
10 30 99.0
10 31 70.0
10 32 99.0
10 33 127.0
10 34 155.0
10 35 177.0
10 36 149.0
10 37 121.0
10 38 92.0
10 39 121.0
10 40 149.0
10 41 177.0
10 42 201.0
10 43 173.0
10 44 145.0
10 45 116.0
10 46 145.0
10 47 173.0
10 48 201.0
10 49 223.0
10 50 195.0
10 51 167.0
10 52 138.0
10 53 167.0
10 54 195.0
10 55 223.0
10 56 247.0
10 57 219.0
10 58 191.0
10 59 162.0
10 60 191.0
10 61 219.0
10 62 247.0
10 63 269.0
10 64 241.0
10 65 213.0
10 66 184.0
10 67 213.0
10 68 241.0
10 69 269.0
11 0 136.0
11 1 108.0
11 2 80.0
11 3 51.0
11 4 22.0
11 5 50.0
11 6 78.0
11 7 114.0
11 8 86.0
11 9 58.0
11 10 29.0
11 11 0.0
11 12 28.0
11 13 56.0
11 14 138.0
11 15 110.0
11 16 82.0
11 17 53.0
11 18 24.0
11 19 52.0
11 20 80.0
11 21 160.0
11 22 132.0
11 23 104.0
11 24 75.0
11 25 46.0
11 26 74.0
11 27 102.0
11 28 184.0
11 29 156.0
11 30 128.0
11 31 99.0
11 32 70.0
11 33 98.0
11 34 126.0
11 35 206.0
11 36 178.0
11 37 150.0
11 38 121.0
11 39 92.0
11 40 120.0
11 41 148.0
11 42 230.0
11 43 202.0
11 44 174.0
11 45 145.0
11 46 116.0
11 47 144.0
11 48 172.0
11 49 252.0
11 50 224.0
11 51 196.0
11 52 167.0
11 53 138.0
11 54 166.0
11 55 194.0
11 56 276.0
11 57 248.0
11 58 220.0
11 59 191.0
11 60 162.0
11 61 190.0
11 62 218.0
11 63 298.0
11 64 270.0
11 65 242.0
11 66 213.0
11 67 184.0
11 68 212.0
11 69 240.0
12 0 164.0
12 1 136.0
12 2 108.0
12 3 79.0
12 4 50.0
12 5 22.0
12 6 50.0
12 7 142.0
12 8 114.0
12 9 86.0
12 10 57.0
12 11 28.0
12 12 0.0
12 13 28.0
12 14 166.0
12 15 138.0
12 16 110.0
12 17 81.0
12 18 52.0
12 19 24.0
12 20 52.0
12 21 188.0
12 22 160.0
12 23 132.0
12 24 103.0
12 25 74.0
12 26 46.0
12 27 74.0
12 28 212.0
12 29 184.0
12 30 156.0
12 31 127.0
12 32 98.0
12 33 70.0
12 34 98.0
12 35 234.0
12 36 206.0
12 37 178.0
12 38 149.0
12 39 120.0
12 40 92.0
12 41 120.0
12 42 258.0
12 43 230.0
12 44 202.0
12 45 173.0
12 46 144.0
12 47 116.0
12 48 144.0
12 49 280.0
12 50 252.0
12 51 224.0
12 52 195.0
12 53 166.0
12 54 138.0
12 55 166.0
12 56 304.0
12 57 276.0
12 58 248.0
12 59 219.0
12 60 190.0
12 61 162.0
12 62 190.0
12 63 326.0
12 64 298.0
12 65 270.0
12 66 241.0
12 67 212.0
12 68 184.0
12 69 212.0
13 0 192.0
13 1 164.0
13 2 136.0
13 3 107.0
13 4 78.0
13 5 50.0
13 6 22.0
13 7 170.0
13 8 142.0
13 9 114.0
13 10 85.0
13 11 56.0
13 12 28.0
13 13 0.0
13 14 194.0
13 15 166.0
13 16 138.0
13 17 109.0
13 18 80.0
13 19 52.0
13 20 24.0
13 21 216.0
13 22 188.0
13 23 160.0
13 24 131.0
13 25 102.0
13 26 74.0
13 27 46.0
13 28 240.0
13 29 212.0
13 30 184.0
13 31 155.0
13 32 126.0
13 33 98.0
13 34 70.0
13 35 262.0
13 36 234.0
13 37 206.0
13 38 177.0
13 39 148.0
13 40 120.0
13 41 92.0
13 42 286.0
13 43 258.0
13 44 230.0
13 45 201.0
13 46 172.0
13 47 144.0
13 48 116.0
13 49 308.0
13 50 280.0
13 51 252.0
13 52 223.0
13 53 194.0
13 54 166.0
13 55 138.0
13 56 332.0
13 57 304.0
13 58 276.0
13 59 247.0
13 60 218.0
13 61 190.0
13 62 162.0
13 63 354.0
13 64 326.0
13 65 298.0
13 66 269.0
13 67 240.0
13 68 212.0
13 69 184.0
14 0 46.0
14 1 74.0
14 2 102.0
14 3 131.0
14 4 160.0
14 5 188.0
14 6 216.0
14 7 24.0
14 8 52.0
14 9 80.0
14 10 109.0
14 11 138.0
14 12 166.0
14 13 194.0
14 14 0.0
14 15 28.0
14 16 56.0
14 17 85.0
14 18 114.0
14 19 142.0
14 20 170.0
14 21 22.0
14 22 50.0
14 23 78.0
14 24 107.0
14 25 136.0
14 26 164.0
14 27 192.0
14 28 46.0
14 29 74.0
14 30 102.0
14 31 131.0
14 32 160.0
14 33 188.0
14 34 216.0
14 35 68.0
14 36 96.0
14 37 124.0
14 38 153.0
14 39 182.0
14 40 210.0
14 41 238.0
14 42 92.0
14 43 120.0
14 44 148.0
14 45 177.0
14 46 206.0
14 47 234.0
14 48 262.0
14 49 114.0
14 50 142.0
14 51 170.0
14 52 199.0
14 53 228.0
14 54 256.0
14 55 284.0
14 56 138.0
14 57 166.0
14 58 194.0
14 59 223.0
14 60 252.0
14 61 280.0
14 62 308.0
14 63 160.0
14 64 188.0
14 65 216.0
14 66 245.0
14 67 274.0
14 68 302.0
14 69 330.0
15 0 74.0
15 1 46.0
15 2 74.0
15 3 103.0
15 4 132.0
15 5 160.0
15 6 188.0
15 7 52.0
15 8 24.0
15 9 52.0
15 10 81.0
15 11 110.0
15 12 138.0
15 13 166.0
15 14 28.0
15 15 0.0
15 16 28.0
15 17 57.0
15 18 86.0
15 19 114.0
15 20 142.0
15 21 50.0
15 22 22.0
15 23 50.0
15 24 79.0
15 25 108.0
15 26 136.0
15 27 164.0
15 28 74.0
15 29 46.0
15 30 74.0
15 31 103.0
15 32 132.0
15 33 160.0
15 34 188.0
15 35 96.0
15 36 68.0
15 37 96.0
15 38 125.0
15 39 154.0
15 40 182.0
15 41 210.0
15 42 120.0
15 43 92.0
15 44 120.0
15 45 149.0
15 46 178.0
15 47 206.0
15 48 234.0
15 49 142.0
15 50 114.0
15 51 142.0
15 52 171.0
15 53 200.0
15 54 228.0
15 55 256.0
15 56 166.0
15 57 138.0
15 58 166.0
15 59 195.0
15 60 224.0
15 61 252.0
15 62 280.0
15 63 188.0
15 64 160.0
15 65 188.0
15 66 217.0
15 67 246.0
15 68 274.0
15 69 302.0
16 0 102.0
16 1 74.0
16 2 46.0
16 3 75.0
16 4 104.0
16 5 132.0
16 6 160.0
16 7 80.0
16 8 52.0
16 9 24.0
16 10 53.0
16 11 82.0
16 12 110.0
16 13 138.0
16 14 56.0
16 15 28.0
16 16 0.0
16 17 29.0
16 18 58.0
16 19 86.0
16 20 114.0
16 21 78.0
16 22 50.0
16 23 22.0
16 24 51.0
16 25 80.0
16 26 108.0
16 27 136.0
16 28 102.0
16 29 74.0
16 30 46.0
16 31 75.0
16 32 104.0
16 33 132.0
16 34 160.0
16 35 124.0
16 36 96.0
16 37 68.0
16 38 97.0
16 39 126.0
16 40 154.0
16 41 182.0
16 42 148.0
16 43 120.0
16 44 92.0
16 45 121.0
16 46 150.0
16 47 178.0
16 48 206.0
16 49 170.0
16 50 142.0
16 51 114.0
16 52 143.0
16 53 172.0
16 54 200.0
16 55 228.0
16 56 194.0
16 57 166.0
16 58 138.0
16 59 167.0
16 60 196.0
16 61 224.0
16 62 252.0
16 63 216.0
16 64 188.0
16 65 160.0
16 66 189.0
16 67 218.0
16 68 246.0
16 69 274.0
17 0 131.0
17 1 103.0
17 2 75.0
17 3 46.0
17 4 75.0
17 5 103.0
17 6 131.0
17 7 109.0
17 8 81.0
17 9 53.0
17 10 24.0
17 11 53.0
17 12 81.0
17 13 109.0
17 14 85.0
17 15 57.0
17 16 29.0
17 17 0.0
17 18 29.0
17 19 57.0
17 20 85.0
17 21 107.0
17 22 79.0
17 23 51.0
17 24 22.0
17 25 51.0
17 26 79.0
17 27 107.0
17 28 131.0
17 29 103.0
17 30 75.0
17 31 46.0
17 32 75.0
17 33 103.0
17 34 131.0
17 35 153.0
17 36 125.0
17 37 97.0
17 38 68.0
17 39 97.0
17 40 125.0
17 41 153.0
17 42 177.0
17 43 149.0
17 44 121.0
17 45 92.0
17 46 121.0
17 47 149.0
17 48 177.0
17 49 199.0
17 50 171.0
17 51 143.0
17 52 114.0
17 53 143.0
17 54 171.0
17 55 199.0
17 56 223.0
17 57 195.0
17 58 167.0
17 59 138.0
17 60 167.0
17 61 195.0
17 62 223.0
17 63 245.0
17 64 217.0
17 65 189.0
17 66 160.0
17 67 189.0
17 68 217.0
17 69 245.0
18 0 160.0
18 1 132.0
18 2 104.0
18 3 75.0
18 4 46.0
18 5 74.0
18 6 102.0
18 7 138.0
18 8 110.0
18 9 82.0
18 10 53.0
18 11 24.0
18 12 52.0
18 13 80.0
18 14 114.0
18 15 86.0
18 16 58.0
18 17 29.0
18 18 0.0
18 19 28.0
18 20 56.0
18 21 136.0
18 22 108.0
18 23 80.0
18 24 51.0
18 25 22.0
18 26 50.0
18 27 78.0
18 28 160.0
18 29 132.0
18 30 104.0
18 31 75.0
18 32 46.0
18 33 74.0
18 34 102.0
18 35 182.0
18 36 154.0
18 37 126.0
18 38 97.0
18 39 68.0
18 40 96.0
18 41 124.0
18 42 206.0
18 43 178.0
18 44 150.0
18 45 121.0
18 46 92.0
18 47 120.0
18 48 148.0
18 49 228.0
18 50 200.0
18 51 172.0
18 52 143.0
18 53 114.0
18 54 142.0
18 55 170.0
18 56 252.0
18 57 224.0
18 58 196.0
18 59 167.0
18 60 138.0
18 61 166.0
18 62 194.0
18 63 274.0
18 64 246.0
18 65 218.0
18 66 189.0
18 67 160.0
18 68 188.0
18 69 216.0
19 0 188.0
19 1 160.0
19 2 132.0
19 3 103.0
19 4 74.0
19 5 46.0
19 6 74.0
19 7 166.0
19 8 138.0
19 9 110.0
19 10 81.0
19 11 52.0
19 12 24.0
19 13 52.0
19 14 142.0
19 15 114.0
19 16 86.0
19 17 57.0
19 18 28.0
19 19 0.0
19 20 28.0
19 21 164.0
19 22 136.0
19 23 108.0
19 24 79.0
19 25 50.0
19 26 22.0
19 27 50.0
19 28 188.0
19 29 160.0
19 30 132.0
19 31 103.0
19 32 74.0
19 33 46.0
19 34 74.0
19 35 210.0
19 36 182.0
19 37 154.0
19 38 125.0
19 39 96.0
19 40 68.0
19 41 96.0
19 42 234.0
19 43 206.0
19 44 178.0
19 45 149.0
19 46 120.0
19 47 92.0
19 48 120.0
19 49 256.0
19 50 228.0
19 51 200.0
19 52 171.0
19 53 142.0
19 54 114.0
19 55 142.0
19 56 280.0
19 57 252.0
19 58 224.0
19 59 195.0
19 60 166.0
19 61 138.0
19 62 166.0
19 63 302.0
19 64 274.0
19 65 246.0
19 66 217.0
19 67 188.0
19 68 160.0
19 69 188.0
20 0 216.0
20 1 188.0
20 2 160.0
20 3 131.0
20 4 102.0
20 5 74.0
20 6 46.0
20 7 194.0
20 8 166.0
20 9 138.0
20 10 109.0
20 11 80.0
20 12 52.0
20 13 24.0
20 14 170.0
20 15 142.0
20 16 114.0
20 17 85.0
20 18 56.0
20 19 28.0
20 20 0.0
20 21 192.0
20 22 164.0
20 23 136.0
20 24 107.0
20 25 78.0
20 26 50.0
20 27 22.0
20 28 216.0
20 29 188.0
20 30 160.0
20 31 131.0
20 32 102.0
20 33 74.0
20 34 46.0
20 35 238.0
20 36 210.0
20 37 182.0
20 38 153.0
20 39 124.0
20 40 96.0
20 41 68.0
20 42 262.0
20 43 234.0
20 44 206.0
20 45 177.0
20 46 148.0
20 47 120.0
20 48 92.0
20 49 284.0
20 50 256.0
20 51 228.0
20 52 199.0
20 53 170.0
20 54 142.0
20 55 114.0
20 56 308.0
20 57 280.0
20 58 252.0
20 59 223.0
20 60 194.0
20 61 166.0
20 62 138.0
20 63 330.0
20 64 302.0
20 65 274.0
20 66 245.0
20 67 216.0
20 68 188.0
20 69 160.0
21 0 68.0
21 1 96.0
21 2 124.0
21 3 153.0
21 4 182.0
21 5 210.0
21 6 238.0
21 7 46.0
21 8 74.0
21 9 102.0
21 10 131.0
21 11 160.0
21 12 188.0
21 13 216.0
21 14 22.0
21 15 50.0
21 16 78.0
21 17 107.0
21 18 136.0
21 19 164.0
21 20 192.0
21 21 0.0
21 22 28.0
21 23 56.0
21 24 85.0
21 25 114.0
21 26 142.0
21 27 170.0
21 28 24.0
21 29 52.0
21 30 80.0
21 31 109.0
21 32 138.0
21 33 166.0
21 34 194.0
21 35 46.0
21 36 74.0
21 37 102.0
21 38 131.0
21 39 160.0
21 40 188.0
21 41 216.0
21 42 70.0
21 43 98.0
21 44 126.0
21 45 155.0
21 46 184.0
21 47 212.0
21 48 240.0
21 49 92.0
21 50 120.0
21 51 148.0
21 52 177.0
21 53 206.0
21 54 234.0
21 55 262.0
21 56 116.0
21 57 144.0
21 58 172.0
21 59 201.0
21 60 230.0
21 61 258.0
21 62 286.0
21 63 138.0
21 64 166.0
21 65 194.0
21 66 223.0
21 67 252.0
21 68 280.0
21 69 308.0
22 0 96.0
22 1 68.0
22 2 96.0
22 3 125.0
22 4 154.0
22 5 182.0
22 6 210.0
22 7 74.0
22 8 46.0
22 9 74.0
22 10 103.0
22 11 132.0
22 12 160.0
22 13 188.0
22 14 50.0
22 15 22.0
22 16 50.0
22 17 79.0
22 18 108.0
22 19 136.0
22 20 164.0
22 21 28.0
22 22 0.0
22 23 28.0
22 24 57.0
22 25 86.0
22 26 114.0
22 27 142.0
22 28 52.0
22 29 24.0
22 30 52.0
22 31 81.0
22 32 110.0
22 33 138.0
22 34 166.0
22 35 74.0
22 36 46.0
22 37 74.0
22 38 103.0
22 39 132.0
22 40 160.0
22 41 188.0
22 42 98.0
22 43 70.0
22 44 98.0
22 45 127.0
22 46 156.0
22 47 184.0
22 48 212.0
22 49 120.0
22 50 92.0
22 51 120.0
22 52 149.0
22 53 178.0
22 54 206.0
22 55 234.0
22 56 144.0
22 57 116.0
22 58 144.0
22 59 173.0
22 60 202.0
22 61 230.0
22 62 258.0
22 63 166.0
22 64 138.0
22 65 166.0
22 66 195.0
22 67 224.0
22 68 252.0
22 69 280.0
23 0 124.0
23 1 96.0
23 2 68.0
23 3 97.0
23 4 126.0
23 5 154.0
23 6 182.0
23 7 102.0
23 8 74.0
23 9 46.0
23 10 75.0
23 11 104.0
23 12 132.0
23 13 160.0
23 14 78.0
23 15 50.0
23 16 22.0
23 17 51.0
23 18 80.0
23 19 108.0
23 20 136.0
23 21 56.0
23 22 28.0
23 23 0.0
23 24 29.0
23 25 58.0
23 26 86.0
23 27 114.0
23 28 80.0
23 29 52.0
23 30 24.0
23 31 53.0
23 32 82.0
23 33 110.0
23 34 138.0
23 35 102.0
23 36 74.0
23 37 46.0
23 38 75.0
23 39 104.0
23 40 132.0
23 41 160.0
23 42 126.0
23 43 98.0
23 44 70.0
23 45 99.0
23 46 128.0
23 47 156.0
23 48 184.0
23 49 148.0
23 50 120.0
23 51 92.0
23 52 121.0
23 53 150.0
23 54 178.0
23 55 206.0
23 56 172.0
23 57 144.0
23 58 116.0
23 59 145.0
23 60 174.0
23 61 202.0
23 62 230.0
23 63 194.0
23 64 166.0
23 65 138.0
23 66 167.0
23 67 196.0
23 68 224.0
23 69 252.0
24 0 153.0
24 1 125.0
24 2 97.0
24 3 68.0
24 4 97.0
24 5 125.0
24 6 153.0
24 7 131.0
24 8 103.0
24 9 75.0
24 10 46.0
24 11 75.0
24 12 103.0
24 13 131.0
24 14 107.0
24 15 79.0
24 16 51.0
24 17 22.0
24 18 51.0
24 19 79.0
24 20 107.0
24 21 85.0
24 22 57.0
24 23 29.0
24 24 0.0
24 25 29.0
24 26 57.0
24 27 85.0
24 28 109.0
24 29 81.0
24 30 53.0
24 31 24.0
24 32 53.0
24 33 81.0
24 34 109.0
24 35 131.0
24 36 103.0
24 37 75.0
24 38 46.0
24 39 75.0
24 40 103.0
24 41 131.0
24 42 155.0
24 43 127.0
24 44 99.0
24 45 70.0
24 46 99.0
24 47 127.0
24 48 155.0
24 49 177.0
24 50 149.0
24 51 121.0
24 52 92.0
24 53 121.0
24 54 149.0
24 55 177.0
24 56 201.0
24 57 173.0
24 58 145.0
24 59 116.0
24 60 145.0
24 61 173.0
24 62 201.0
24 63 223.0
24 64 195.0
24 65 167.0
24 66 138.0
24 67 167.0
24 68 195.0
24 69 223.0
25 0 182.0
25 1 154.0
25 2 126.0
25 3 97.0
25 4 68.0
25 5 96.0
25 6 124.0
25 7 160.0
25 8 132.0
25 9 104.0
25 10 75.0
25 11 46.0
25 12 74.0
25 13 102.0
25 14 136.0
25 15 108.0
25 16 80.0
25 17 51.0
25 18 22.0
25 19 50.0
25 20 78.0
25 21 114.0
25 22 86.0
25 23 58.0
25 24 29.0
25 25 0.0
25 26 28.0
25 27 56.0
25 28 138.0
25 29 110.0
25 30 82.0
25 31 53.0
25 32 24.0
25 33 52.0
25 34 80.0
25 35 160.0
25 36 132.0
25 37 104.0
25 38 75.0
25 39 46.0
25 40 74.0
25 41 102.0
25 42 184.0
25 43 156.0
25 44 128.0
25 45 99.0
25 46 70.0
25 47 98.0
25 48 126.0
25 49 206.0
25 50 178.0
25 51 150.0
25 52 121.0
25 53 92.0
25 54 120.0
25 55 148.0
25 56 230.0
25 57 202.0
25 58 174.0
25 59 145.0
25 60 116.0
25 61 144.0
25 62 172.0
25 63 252.0
25 64 224.0
25 65 196.0
25 66 167.0
25 67 138.0
25 68 166.0
25 69 194.0
26 0 210.0
26 1 182.0
26 2 154.0
26 3 125.0
26 4 96.0
26 5 68.0
26 6 96.0
26 7 188.0
26 8 160.0
26 9 132.0
26 10 103.0
26 11 74.0
26 12 46.0
26 13 74.0
26 14 164.0
26 15 136.0
26 16 108.0
26 17 79.0
26 18 50.0
26 19 22.0
26 20 50.0
26 21 142.0
26 22 114.0
26 23 86.0
26 24 57.0
26 25 28.0
26 26 0.0
26 27 28.0
26 28 166.0
26 29 138.0
26 30 110.0
26 31 81.0
26 32 52.0
26 33 24.0
26 34 52.0
26 35 188.0
26 36 160.0
26 37 132.0
26 38 103.0
26 39 74.0
26 40 46.0
26 41 74.0
26 42 212.0
26 43 184.0
26 44 156.0
26 45 127.0
26 46 98.0
26 47 70.0
26 48 98.0
26 49 234.0
26 50 206.0
26 51 178.0
26 52 149.0
26 53 120.0
26 54 92.0
26 55 120.0
26 56 258.0
26 57 230.0
26 58 202.0
26 59 173.0
26 60 144.0
26 61 116.0
26 62 144.0
26 63 280.0
26 64 252.0
26 65 224.0
26 66 195.0
26 67 166.0
26 68 138.0
26 69 166.0
27 0 238.0
27 1 210.0
27 2 182.0
27 3 153.0
27 4 124.0
27 5 96.0
27 6 68.0
27 7 216.0
27 8 188.0
27 9 160.0
27 10 131.0
27 11 102.0
27 12 74.0
27 13 46.0
27 14 192.0
27 15 164.0
27 16 136.0
27 17 107.0
27 18 78.0
27 19 50.0
27 20 22.0
27 21 170.0
27 22 142.0
27 23 114.0
27 24 85.0
27 25 56.0
27 26 28.0
27 27 0.0
27 28 194.0
27 29 166.0
27 30 138.0
27 31 109.0
27 32 80.0
27 33 52.0
27 34 24.0
27 35 216.0
27 36 188.0
27 37 160.0
27 38 131.0
27 39 102.0
27 40 74.0
27 41 46.0
27 42 240.0
27 43 212.0
27 44 184.0
27 45 155.0
27 46 126.0
27 47 98.0
27 48 70.0
27 49 262.0
27 50 234.0
27 51 206.0
27 52 177.0
27 53 148.0
27 54 120.0
27 55 92.0
27 56 286.0
27 57 258.0
27 58 230.0
27 59 201.0
27 60 172.0
27 61 144.0
27 62 116.0
27 63 308.0
27 64 280.0
27 65 252.0
27 66 223.0
27 67 194.0
27 68 166.0
27 69 138.0
28 0 92.0
28 1 120.0
28 2 148.0
28 3 177.0
28 4 206.0
28 5 234.0
28 6 262.0
28 7 70.0
28 8 98.0
28 9 126.0
28 10 155.0
28 11 184.0
28 12 212.0
28 13 240.0
28 14 46.0
28 15 74.0
28 16 102.0
28 17 131.0
28 18 160.0
28 19 188.0
28 20 216.0
28 21 24.0
28 22 52.0
28 23 80.0
28 24 109.0
28 25 138.0
28 26 166.0
28 27 194.0
28 28 0.0
28 29 28.0
28 30 56.0
28 31 85.0
28 32 114.0
28 33 142.0
28 34 170.0
28 35 22.0
28 36 50.0
28 37 78.0
28 38 107.0
28 39 136.0
28 40 164.0
28 41 192.0
28 42 46.0
28 43 74.0
28 44 102.0
28 45 131.0
28 46 160.0
28 47 188.0
28 48 216.0
28 49 68.0
28 50 96.0
28 51 124.0
28 52 153.0
28 53 182.0
28 54 210.0
28 55 238.0
28 56 92.0
28 57 120.0
28 58 148.0
28 59 177.0
28 60 206.0
28 61 234.0
28 62 262.0
28 63 114.0
28 64 142.0
28 65 170.0
28 66 199.0
28 67 228.0
28 68 256.0
28 69 284.0
29 0 120.0
29 1 92.0
29 2 120.0
29 3 149.0
29 4 178.0
29 5 206.0
29 6 234.0
29 7 98.0
29 8 70.0
29 9 98.0
29 10 127.0
29 11 156.0
29 12 184.0
29 13 212.0
29 14 74.0
29 15 46.0
29 16 74.0
29 17 103.0
29 18 132.0
29 19 160.0
29 20 188.0
29 21 52.0
29 22 24.0
29 23 52.0
29 24 81.0
29 25 110.0
29 26 138.0
29 27 166.0
29 28 28.0
29 29 0.0
29 30 28.0
29 31 57.0
29 32 86.0
29 33 114.0
29 34 142.0
29 35 50.0
29 36 22.0
29 37 50.0
29 38 79.0
29 39 108.0
29 40 136.0
29 41 164.0
29 42 74.0
29 43 46.0
29 44 74.0
29 45 103.0
29 46 132.0
29 47 160.0
29 48 188.0
29 49 96.0
29 50 68.0
29 51 96.0
29 52 125.0
29 53 154.0
29 54 182.0
29 55 210.0
29 56 120.0
29 57 92.0
29 58 120.0
29 59 149.0
29 60 178.0
29 61 206.0
29 62 234.0
29 63 142.0
29 64 114.0
29 65 142.0
29 66 171.0
29 67 200.0
29 68 228.0
29 69 256.0
30 0 148.0
30 1 120.0
30 2 92.0
30 3 121.0
30 4 150.0
30 5 178.0
30 6 206.0
30 7 126.0
30 8 98.0
30 9 70.0
30 10 99.0
30 11 128.0
30 12 156.0
30 13 184.0
30 14 102.0
30 15 74.0
30 16 46.0
30 17 75.0
30 18 104.0
30 19 132.0
30 20 160.0
30 21 80.0
30 22 52.0
30 23 24.0
30 24 53.0
30 25 82.0
30 26 110.0
30 27 138.0
30 28 56.0
30 29 28.0
30 30 0.0
30 31 29.0
30 32 58.0
30 33 86.0
30 34 114.0
30 35 78.0
30 36 50.0
30 37 22.0
30 38 51.0
30 39 80.0
30 40 108.0
30 41 136.0
30 42 102.0
30 43 74.0
30 44 46.0
30 45 75.0
30 46 104.0
30 47 132.0
30 48 160.0
30 49 124.0
30 50 96.0
30 51 68.0
30 52 97.0
30 53 126.0
30 54 154.0
30 55 182.0
30 56 148.0
30 57 120.0
30 58 92.0
30 59 121.0
30 60 150.0
30 61 178.0
30 62 206.0
30 63 170.0
30 64 142.0
30 65 114.0
30 66 143.0
30 67 172.0
30 68 200.0
30 69 228.0
31 0 177.0
31 1 149.0
31 2 121.0
31 3 92.0
31 4 121.0
31 5 149.0
31 6 177.0
31 7 155.0
31 8 127.0
31 9 99.0
31 10 70.0
31 11 99.0
31 12 127.0
31 13 155.0
31 14 131.0
31 15 103.0
31 16 75.0
31 17 46.0
31 18 75.0
31 19 103.0
31 20 131.0
31 21 109.0
31 22 81.0
31 23 53.0
31 24 24.0
31 25 53.0
31 26 81.0
31 27 109.0
31 28 85.0
31 29 57.0
31 30 29.0
31 31 0.0
31 32 29.0
31 33 57.0
31 34 85.0
31 35 107.0
31 36 79.0
31 37 51.0
31 38 22.0
31 39 51.0
31 40 79.0
31 41 107.0
31 42 131.0
31 43 103.0
31 44 75.0
31 45 46.0
31 46 75.0
31 47 103.0
31 48 131.0
31 49 153.0
31 50 125.0
31 51 97.0
31 52 68.0
31 53 97.0
31 54 125.0
31 55 153.0
31 56 177.0
31 57 149.0
31 58 121.0
31 59 92.0
31 60 121.0
31 61 149.0
31 62 177.0
31 63 199.0
31 64 171.0
31 65 143.0
31 66 114.0
31 67 143.0
31 68 171.0
31 69 199.0
32 0 206.0
32 1 178.0
32 2 150.0
32 3 121.0
32 4 92.0
32 5 120.0
32 6 148.0
32 7 184.0
32 8 156.0
32 9 128.0
32 10 99.0
32 11 70.0
32 12 98.0
32 13 126.0
32 14 160.0
32 15 132.0
32 16 104.0
32 17 75.0
32 18 46.0
32 19 74.0
32 20 102.0
32 21 138.0
32 22 110.0
32 23 82.0
32 24 53.0
32 25 24.0
32 26 52.0
32 27 80.0
32 28 114.0
32 29 86.0
32 30 58.0
32 31 29.0
32 32 0.0
32 33 28.0
32 34 56.0
32 35 136.0
32 36 108.0
32 37 80.0
32 38 51.0
32 39 22.0
32 40 50.0
32 41 78.0
32 42 160.0
32 43 132.0
32 44 104.0
32 45 75.0
32 46 46.0
32 47 74.0
32 48 102.0
32 49 182.0
32 50 154.0
32 51 126.0
32 52 97.0
32 53 68.0
32 54 96.0
32 55 124.0
32 56 206.0
32 57 178.0
32 58 150.0
32 59 121.0
32 60 92.0
32 61 120.0
32 62 148.0
32 63 228.0
32 64 200.0
32 65 172.0
32 66 143.0
32 67 114.0
32 68 142.0
32 69 170.0
33 0 234.0
33 1 206.0
33 2 178.0
33 3 149.0
33 4 120.0
33 5 92.0
33 6 120.0
33 7 212.0
33 8 184.0
33 9 156.0
33 10 127.0
33 11 98.0
33 12 70.0
33 13 98.0
33 14 188.0
33 15 160.0
33 16 132.0
33 17 103.0
33 18 74.0
33 19 46.0
33 20 74.0
33 21 166.0
33 22 138.0
33 23 110.0
33 24 81.0
33 25 52.0
33 26 24.0
33 27 52.0
33 28 142.0
33 29 114.0
33 30 86.0
33 31 57.0
33 32 28.0
33 33 0.0
33 34 28.0
33 35 164.0
33 36 136.0
33 37 108.0
33 38 79.0
33 39 50.0
33 40 22.0
33 41 50.0
33 42 188.0
33 43 160.0
33 44 132.0
33 45 103.0
33 46 74.0
33 47 46.0
33 48 74.0
33 49 210.0
33 50 182.0
33 51 154.0
33 52 125.0
33 53 96.0
33 54 68.0
33 55 96.0
33 56 234.0
33 57 206.0
33 58 178.0
33 59 149.0
33 60 120.0
33 61 92.0
33 62 120.0
33 63 256.0
33 64 228.0
33 65 200.0
33 66 171.0
33 67 142.0
33 68 114.0
33 69 142.0
34 0 262.0
34 1 234.0
34 2 206.0
34 3 177.0
34 4 148.0
34 5 120.0
34 6 92.0
34 7 240.0
34 8 212.0
34 9 184.0
34 10 155.0
34 11 126.0
34 12 98.0
34 13 70.0
34 14 216.0
34 15 188.0
34 16 160.0
34 17 131.0
34 18 102.0
34 19 74.0
34 20 46.0
34 21 194.0
34 22 166.0
34 23 138.0
34 24 109.0
34 25 80.0
34 26 52.0
34 27 24.0
34 28 170.0
34 29 142.0
34 30 114.0
34 31 85.0
34 32 56.0
34 33 28.0
34 34 0.0
34 35 192.0
34 36 164.0
34 37 136.0
34 38 107.0
34 39 78.0
34 40 50.0
34 41 22.0
34 42 216.0
34 43 188.0
34 44 160.0
34 45 131.0
34 46 102.0
34 47 74.0
34 48 46.0
34 49 238.0
34 50 210.0
34 51 182.0
34 52 153.0
34 53 124.0
34 54 96.0
34 55 68.0
34 56 262.0
34 57 234.0
34 58 206.0
34 59 177.0
34 60 148.0
34 61 120.0
34 62 92.0
34 63 284.0
34 64 256.0
34 65 228.0
34 66 199.0
34 67 170.0
34 68 142.0
34 69 114.0
35 0 114.0
35 1 142.0
35 2 170.0
35 3 199.0
35 4 228.0
35 5 256.0
35 6 284.0
35 7 92.0
35 8 120.0
35 9 148.0
35 10 177.0
35 11 206.0
35 12 234.0
35 13 262.0
35 14 68.0
35 15 96.0
35 16 124.0
35 17 153.0
35 18 182.0
35 19 210.0
35 20 238.0
35 21 46.0
35 22 74.0
35 23 102.0
35 24 131.0
35 25 160.0
35 26 188.0
35 27 216.0
35 28 22.0
35 29 50.0
35 30 78.0
35 31 107.0
35 32 136.0
35 33 164.0
35 34 192.0
35 35 0.0
35 36 28.0
35 37 56.0
35 38 85.0
35 39 114.0
35 40 142.0
35 41 170.0
35 42 24.0
35 43 52.0
35 44 80.0
35 45 109.0
35 46 138.0
35 47 166.0
35 48 194.0
35 49 46.0
35 50 74.0
35 51 102.0
35 52 131.0
35 53 160.0
35 54 188.0
35 55 216.0
35 56 70.0
35 57 98.0
35 58 126.0
35 59 155.0
35 60 184.0
35 61 212.0
35 62 240.0
35 63 92.0
35 64 120.0
35 65 148.0
35 66 177.0
35 67 206.0
35 68 234.0
35 69 262.0
36 0 142.0
36 1 114.0
36 2 142.0
36 3 171.0
36 4 200.0
36 5 228.0
36 6 256.0
36 7 120.0
36 8 92.0
36 9 120.0
36 10 149.0
36 11 178.0
36 12 206.0
36 13 234.0
36 14 96.0
36 15 68.0
36 16 96.0
36 17 125.0
36 18 154.0
36 19 182.0
36 20 210.0
36 21 74.0
36 22 46.0
36 23 74.0
36 24 103.0
36 25 132.0
36 26 160.0
36 27 188.0
36 28 50.0
36 29 22.0
36 30 50.0
36 31 79.0
36 32 108.0
36 33 136.0
36 34 164.0
36 35 28.0
36 36 0.0
36 37 28.0
36 38 57.0
36 39 86.0
36 40 114.0
36 41 142.0
36 42 52.0
36 43 24.0
36 44 52.0
36 45 81.0
36 46 110.0
36 47 138.0
36 48 166.0
36 49 74.0
36 50 46.0
36 51 74.0
36 52 103.0
36 53 132.0
36 54 160.0
36 55 188.0
36 56 98.0
36 57 70.0
36 58 98.0
36 59 127.0
36 60 156.0
36 61 184.0
36 62 212.0
36 63 120.0
36 64 92.0
36 65 120.0
36 66 149.0
36 67 178.0
36 68 206.0
36 69 234.0
37 0 170.0
37 1 142.0
37 2 114.0
37 3 143.0
37 4 172.0
37 5 200.0
37 6 228.0
37 7 148.0
37 8 120.0
37 9 92.0
37 10 121.0
37 11 150.0
37 12 178.0
37 13 206.0
37 14 124.0
37 15 96.0
37 16 68.0
37 17 97.0
37 18 126.0
37 19 154.0
37 20 182.0
37 21 102.0
37 22 74.0
37 23 46.0
37 24 75.0
37 25 104.0
37 26 132.0
37 27 160.0
37 28 78.0
37 29 50.0
37 30 22.0
37 31 51.0
37 32 80.0
37 33 108.0
37 34 136.0
37 35 56.0
37 36 28.0
37 37 0.0
37 38 29.0
37 39 58.0
37 40 86.0
37 41 114.0
37 42 80.0
37 43 52.0
37 44 24.0
37 45 53.0
37 46 82.0
37 47 110.0
37 48 138.0
37 49 102.0
37 50 74.0
37 51 46.0
37 52 75.0
37 53 104.0
37 54 132.0
37 55 160.0
37 56 126.0
37 57 98.0
37 58 70.0
37 59 99.0
37 60 128.0
37 61 156.0
37 62 184.0
37 63 148.0
37 64 120.0
37 65 92.0
37 66 121.0
37 67 150.0
37 68 178.0
37 69 206.0
38 0 199.0
38 1 171.0
38 2 143.0
38 3 114.0
38 4 143.0
38 5 171.0
38 6 199.0
38 7 177.0
38 8 149.0
38 9 121.0
38 10 92.0
38 11 121.0
38 12 149.0
38 13 177.0
38 14 153.0
38 15 125.0
38 16 97.0
38 17 68.0
38 18 97.0
38 19 125.0
38 20 153.0
38 21 131.0
38 22 103.0
38 23 75.0
38 24 46.0
38 25 75.0
38 26 103.0
38 27 131.0
38 28 107.0
38 29 79.0
38 30 51.0
38 31 22.0
38 32 51.0
38 33 79.0
38 34 107.0
38 35 85.0
38 36 57.0
38 37 29.0
38 38 0.0
38 39 29.0
38 40 57.0
38 41 85.0
38 42 109.0
38 43 81.0
38 44 53.0
38 45 24.0
38 46 53.0
38 47 81.0
38 48 109.0
38 49 131.0
38 50 103.0
38 51 75.0
38 52 46.0
38 53 75.0
38 54 103.0
38 55 131.0
38 56 155.0
38 57 127.0
38 58 99.0
38 59 70.0
38 60 99.0
38 61 127.0
38 62 155.0
38 63 177.0
38 64 149.0
38 65 121.0
38 66 92.0
38 67 121.0
38 68 149.0
38 69 177.0
39 0 228.0
39 1 200.0
39 2 172.0
39 3 143.0
39 4 114.0
39 5 142.0
39 6 170.0
39 7 206.0
39 8 178.0
39 9 150.0
39 10 121.0
39 11 92.0
39 12 120.0
39 13 148.0
39 14 182.0
39 15 154.0
39 16 126.0
39 17 97.0
39 18 68.0
39 19 96.0
39 20 124.0
39 21 160.0
39 22 132.0
39 23 104.0
39 24 75.0
39 25 46.0
39 26 74.0
39 27 102.0
39 28 136.0
39 29 108.0
39 30 80.0
39 31 51.0
39 32 22.0
39 33 50.0
39 34 78.0
39 35 114.0
39 36 86.0
39 37 58.0
39 38 29.0
39 39 0.0
39 40 28.0
39 41 56.0
39 42 138.0
39 43 110.0
39 44 82.0
39 45 53.0
39 46 24.0
39 47 52.0
39 48 80.0
39 49 160.0
39 50 132.0
39 51 104.0
39 52 75.0
39 53 46.0
39 54 74.0
39 55 102.0
39 56 184.0
39 57 156.0
39 58 128.0
39 59 99.0
39 60 70.0
39 61 98.0
39 62 126.0
39 63 206.0
39 64 178.0
39 65 150.0
39 66 121.0
39 67 92.0
39 68 120.0
39 69 148.0
40 0 256.0
40 1 228.0
40 2 200.0
40 3 171.0
40 4 142.0
40 5 114.0
40 6 142.0
40 7 234.0
40 8 206.0
40 9 178.0
40 10 149.0
40 11 120.0
40 12 92.0
40 13 120.0
40 14 210.0
40 15 182.0
40 16 154.0
40 17 125.0
40 18 96.0
40 19 68.0
40 20 96.0
40 21 188.0
40 22 160.0
40 23 132.0
40 24 103.0
40 25 74.0
40 26 46.0
40 27 74.0
40 28 164.0
40 29 136.0
40 30 108.0
40 31 79.0
40 32 50.0
40 33 22.0
40 34 50.0
40 35 142.0
40 36 114.0
40 37 86.0
40 38 57.0
40 39 28.0
40 40 0.0
40 41 28.0
40 42 166.0
40 43 138.0
40 44 110.0
40 45 81.0
40 46 52.0
40 47 24.0
40 48 52.0
40 49 188.0
40 50 160.0
40 51 132.0
40 52 103.0
40 53 74.0
40 54 46.0
40 55 74.0
40 56 212.0
40 57 184.0
40 58 156.0
40 59 127.0
40 60 98.0
40 61 70.0
40 62 98.0
40 63 234.0
40 64 206.0
40 65 178.0
40 66 149.0
40 67 120.0
40 68 92.0
40 69 120.0
41 0 284.0
41 1 256.0
41 2 228.0
41 3 199.0
41 4 170.0
41 5 142.0
41 6 114.0
41 7 262.0
41 8 234.0
41 9 206.0
41 10 177.0
41 11 148.0
41 12 120.0
41 13 92.0
41 14 238.0
41 15 210.0
41 16 182.0
41 17 153.0
41 18 124.0
41 19 96.0
41 20 68.0
41 21 216.0
41 22 188.0
41 23 160.0
41 24 131.0
41 25 102.0
41 26 74.0
41 27 46.0
41 28 192.0
41 29 164.0
41 30 136.0
41 31 107.0
41 32 78.0
41 33 50.0
41 34 22.0
41 35 170.0
41 36 142.0
41 37 114.0
41 38 85.0
41 39 56.0
41 40 28.0
41 41 0.0
41 42 194.0
41 43 166.0
41 44 138.0
41 45 109.0
41 46 80.0
41 47 52.0
41 48 24.0
41 49 216.0
41 50 188.0
41 51 160.0
41 52 131.0
41 53 102.0
41 54 74.0
41 55 46.0
41 56 240.0
41 57 212.0
41 58 184.0
41 59 155.0
41 60 126.0
41 61 98.0
41 62 70.0
41 63 262.0
41 64 234.0
41 65 206.0
41 66 177.0
41 67 148.0
41 68 120.0
41 69 92.0
42 0 138.0
42 1 166.0
42 2 194.0
42 3 223.0
42 4 252.0
42 5 280.0
42 6 308.0
42 7 116.0
42 8 144.0
42 9 172.0
42 10 201.0
42 11 230.0
42 12 258.0
42 13 286.0
42 14 92.0
42 15 120.0
42 16 148.0
42 17 177.0
42 18 206.0
42 19 234.0
42 20 262.0
42 21 70.0
42 22 98.0
42 23 126.0
42 24 155.0
42 25 184.0
42 26 212.0
42 27 240.0
42 28 46.0
42 29 74.0
42 30 102.0
42 31 131.0
42 32 160.0
42 33 188.0
42 34 216.0
42 35 24.0
42 36 52.0
42 37 80.0
42 38 109.0
42 39 138.0
42 40 166.0
42 41 194.0
42 42 0.0
42 43 28.0
42 44 56.0
42 45 85.0
42 46 114.0
42 47 142.0
42 48 170.0
42 49 22.0
42 50 50.0
42 51 78.0
42 52 107.0
42 53 136.0
42 54 164.0
42 55 192.0
42 56 46.0
42 57 74.0
42 58 102.0
42 59 131.0
42 60 160.0
42 61 188.0
42 62 216.0
42 63 68.0
42 64 96.0
42 65 124.0
42 66 153.0
42 67 182.0
42 68 210.0
42 69 238.0
43 0 166.0
43 1 138.0
43 2 166.0
43 3 195.0
43 4 224.0
43 5 252.0
43 6 280.0
43 7 144.0
43 8 116.0
43 9 144.0
43 10 173.0
43 11 202.0
43 12 230.0
43 13 258.0
43 14 120.0
43 15 92.0
43 16 120.0
43 17 149.0
43 18 178.0
43 19 206.0
43 20 234.0
43 21 98.0
43 22 70.0
43 23 98.0
43 24 127.0
43 25 156.0
43 26 184.0
43 27 212.0
43 28 74.0
43 29 46.0
43 30 74.0
43 31 103.0
43 32 132.0
43 33 160.0
43 34 188.0
43 35 52.0
43 36 24.0
43 37 52.0
43 38 81.0
43 39 110.0
43 40 138.0
43 41 166.0
43 42 28.0
43 43 0.0
43 44 28.0
43 45 57.0
43 46 86.0
43 47 114.0
43 48 142.0
43 49 50.0
43 50 22.0
43 51 50.0
43 52 79.0
43 53 108.0
43 54 136.0
43 55 164.0
43 56 74.0
43 57 46.0
43 58 74.0
43 59 103.0
43 60 132.0
43 61 160.0
43 62 188.0
43 63 96.0
43 64 68.0
43 65 96.0
43 66 125.0
43 67 154.0
43 68 182.0
43 69 210.0
44 0 194.0
44 1 166.0
44 2 138.0
44 3 167.0
44 4 196.0
44 5 224.0
44 6 252.0
44 7 172.0
44 8 144.0
44 9 116.0
44 10 145.0
44 11 174.0
44 12 202.0
44 13 230.0
44 14 148.0
44 15 120.0
44 16 92.0
44 17 121.0
44 18 150.0
44 19 178.0
44 20 206.0
44 21 126.0
44 22 98.0
44 23 70.0
44 24 99.0
44 25 128.0
44 26 156.0
44 27 184.0
44 28 102.0
44 29 74.0
44 30 46.0
44 31 75.0
44 32 104.0
44 33 132.0
44 34 160.0
44 35 80.0
44 36 52.0
44 37 24.0
44 38 53.0
44 39 82.0
44 40 110.0
44 41 138.0
44 42 56.0
44 43 28.0
44 44 0.0
44 45 29.0
44 46 58.0
44 47 86.0
44 48 114.0
44 49 78.0
44 50 50.0
44 51 22.0
44 52 51.0
44 53 80.0
44 54 108.0
44 55 136.0
44 56 102.0
44 57 74.0
44 58 46.0
44 59 75.0
44 60 104.0
44 61 132.0
44 62 160.0
44 63 124.0
44 64 96.0
44 65 68.0
44 66 97.0
44 67 126.0
44 68 154.0
44 69 182.0
45 0 223.0
45 1 195.0
45 2 167.0
45 3 138.0
45 4 167.0
45 5 195.0
45 6 223.0
45 7 201.0
45 8 173.0
45 9 145.0
45 10 116.0
45 11 145.0
45 12 173.0
45 13 201.0
45 14 177.0
45 15 149.0
45 16 121.0
45 17 92.0
45 18 121.0
45 19 149.0
45 20 177.0
45 21 155.0
45 22 127.0
45 23 99.0
45 24 70.0
45 25 99.0
45 26 127.0
45 27 155.0
45 28 131.0
45 29 103.0
45 30 75.0
45 31 46.0
45 32 75.0
45 33 103.0
45 34 131.0
45 35 109.0
45 36 81.0
45 37 53.0
45 38 24.0
45 39 53.0
45 40 81.0
45 41 109.0
45 42 85.0
45 43 57.0
45 44 29.0
45 45 0.0
45 46 29.0
45 47 57.0
45 48 85.0
45 49 107.0
45 50 79.0
45 51 51.0
45 52 22.0
45 53 51.0
45 54 79.0
45 55 107.0
45 56 131.0
45 57 103.0
45 58 75.0
45 59 46.0
45 60 75.0
45 61 103.0
45 62 131.0
45 63 153.0
45 64 125.0
45 65 97.0
45 66 68.0
45 67 97.0
45 68 125.0
45 69 153.0
46 0 252.0
46 1 224.0
46 2 196.0
46 3 167.0
46 4 138.0
46 5 166.0
46 6 194.0
46 7 230.0
46 8 202.0
46 9 174.0
46 10 145.0
46 11 116.0
46 12 144.0
46 13 172.0
46 14 206.0
46 15 178.0
46 16 150.0
46 17 121.0
46 18 92.0
46 19 120.0
46 20 148.0
46 21 184.0
46 22 156.0
46 23 128.0
46 24 99.0
46 25 70.0
46 26 98.0
46 27 126.0
46 28 160.0
46 29 132.0
46 30 104.0
46 31 75.0
46 32 46.0
46 33 74.0
46 34 102.0
46 35 138.0
46 36 110.0
46 37 82.0
46 38 53.0
46 39 24.0
46 40 52.0
46 41 80.0
46 42 114.0
46 43 86.0
46 44 58.0
46 45 29.0
46 46 0.0
46 47 28.0
46 48 56.0
46 49 136.0
46 50 108.0
46 51 80.0
46 52 51.0
46 53 22.0
46 54 50.0
46 55 78.0
46 56 160.0
46 57 132.0
46 58 104.0
46 59 75.0
46 60 46.0
46 61 74.0
46 62 102.0
46 63 182.0
46 64 154.0
46 65 126.0
46 66 97.0
46 67 68.0
46 68 96.0
46 69 124.0
47 0 280.0
47 1 252.0
47 2 224.0
47 3 195.0
47 4 166.0
47 5 138.0
47 6 166.0
47 7 258.0
47 8 230.0
47 9 202.0
47 10 173.0
47 11 144.0
47 12 116.0
47 13 144.0
47 14 234.0
47 15 206.0
47 16 178.0
47 17 149.0
47 18 120.0
47 19 92.0
47 20 120.0
47 21 212.0
47 22 184.0
47 23 156.0
47 24 127.0
47 25 98.0
47 26 70.0
47 27 98.0
47 28 188.0
47 29 160.0
47 30 132.0
47 31 103.0
47 32 74.0
47 33 46.0
47 34 74.0
47 35 166.0
47 36 138.0
47 37 110.0
47 38 81.0
47 39 52.0
47 40 24.0
47 41 52.0
47 42 142.0
47 43 114.0
47 44 86.0
47 45 57.0
47 46 28.0
47 47 0.0
47 48 28.0
47 49 164.0
47 50 136.0
47 51 108.0
47 52 79.0
47 53 50.0
47 54 22.0
47 55 50.0
47 56 188.0
47 57 160.0
47 58 132.0
47 59 103.0
47 60 74.0
47 61 46.0
47 62 74.0
47 63 210.0
47 64 182.0
47 65 154.0
47 66 125.0
47 67 96.0
47 68 68.0
47 69 96.0
48 0 308.0
48 1 280.0
48 2 252.0
48 3 223.0
48 4 194.0
48 5 166.0
48 6 138.0
48 7 286.0
48 8 258.0
48 9 230.0
48 10 201.0
48 11 172.0
48 12 144.0
48 13 116.0
48 14 262.0
48 15 234.0
48 16 206.0
48 17 177.0
48 18 148.0
48 19 120.0
48 20 92.0
48 21 240.0
48 22 212.0
48 23 184.0
48 24 155.0
48 25 126.0
48 26 98.0
48 27 70.0
48 28 216.0
48 29 188.0
48 30 160.0
48 31 131.0
48 32 102.0
48 33 74.0
48 34 46.0
48 35 194.0
48 36 166.0
48 37 138.0
48 38 109.0
48 39 80.0
48 40 52.0
48 41 24.0
48 42 170.0
48 43 142.0
48 44 114.0
48 45 85.0
48 46 56.0
48 47 28.0
48 48 0.0
48 49 192.0
48 50 164.0
48 51 136.0
48 52 107.0
48 53 78.0
48 54 50.0
48 55 22.0
48 56 216.0
48 57 188.0
48 58 160.0
48 59 131.0
48 60 102.0
48 61 74.0
48 62 46.0
48 63 238.0
48 64 210.0
48 65 182.0
48 66 153.0
48 67 124.0
48 68 96.0
48 69 68.0
49 0 160.0
49 1 188.0
49 2 216.0
49 3 245.0
49 4 274.0
49 5 302.0
49 6 330.0
49 7 138.0
49 8 166.0
49 9 194.0
49 10 223.0
49 11 252.0
49 12 280.0
49 13 308.0
49 14 114.0
49 15 142.0
49 16 170.0
49 17 199.0
49 18 228.0
49 19 256.0
49 20 284.0
49 21 92.0
49 22 120.0
49 23 148.0
49 24 177.0
49 25 206.0
49 26 234.0
49 27 262.0
49 28 68.0
49 29 96.0
49 30 124.0
49 31 153.0
49 32 182.0
49 33 210.0
49 34 238.0
49 35 46.0
49 36 74.0
49 37 102.0
49 38 131.0
49 39 160.0
49 40 188.0
49 41 216.0
49 42 22.0
49 43 50.0
49 44 78.0
49 45 107.0
49 46 136.0
49 47 164.0
49 48 192.0
49 49 0.0
49 50 28.0
49 51 56.0
49 52 85.0
49 53 114.0
49 54 142.0
49 55 170.0
49 56 24.0
49 57 52.0
49 58 80.0
49 59 109.0
49 60 138.0
49 61 166.0
49 62 194.0
49 63 46.0
49 64 74.0
49 65 102.0
49 66 131.0
49 67 160.0
49 68 188.0
49 69 216.0
50 0 188.0
50 1 160.0
50 2 188.0
50 3 217.0
50 4 246.0
50 5 274.0
50 6 302.0
50 7 166.0
50 8 138.0
50 9 166.0
50 10 195.0
50 11 224.0
50 12 252.0
50 13 280.0
50 14 142.0
50 15 114.0
50 16 142.0
50 17 171.0
50 18 200.0
50 19 228.0
50 20 256.0
50 21 120.0
50 22 92.0
50 23 120.0
50 24 149.0
50 25 178.0
50 26 206.0
50 27 234.0
50 28 96.0
50 29 68.0
50 30 96.0
50 31 125.0
50 32 154.0
50 33 182.0
50 34 210.0
50 35 74.0
50 36 46.0
50 37 74.0
50 38 103.0
50 39 132.0
50 40 160.0
50 41 188.0
50 42 50.0
50 43 22.0
50 44 50.0
50 45 79.0
50 46 108.0
50 47 136.0
50 48 164.0
50 49 28.0
50 50 0.0
50 51 28.0
50 52 57.0
50 53 86.0
50 54 114.0
50 55 142.0
50 56 52.0
50 57 24.0
50 58 52.0
50 59 81.0
50 60 110.0
50 61 138.0
50 62 166.0
50 63 74.0
50 64 46.0
50 65 74.0
50 66 103.0
50 67 132.0
50 68 160.0
50 69 188.0
51 0 216.0
51 1 188.0
51 2 160.0
51 3 189.0
51 4 218.0
51 5 246.0
51 6 274.0
51 7 194.0
51 8 166.0
51 9 138.0
51 10 167.0
51 11 196.0
51 12 224.0
51 13 252.0
51 14 170.0
51 15 142.0
51 16 114.0
51 17 143.0
51 18 172.0
51 19 200.0
51 20 228.0
51 21 148.0
51 22 120.0
51 23 92.0
51 24 121.0
51 25 150.0
51 26 178.0
51 27 206.0
51 28 124.0
51 29 96.0
51 30 68.0
51 31 97.0
51 32 126.0
51 33 154.0
51 34 182.0
51 35 102.0
51 36 74.0
51 37 46.0
51 38 75.0
51 39 104.0
51 40 132.0
51 41 160.0
51 42 78.0
51 43 50.0
51 44 22.0
51 45 51.0
51 46 80.0
51 47 108.0
51 48 136.0
51 49 56.0
51 50 28.0
51 51 0.0
51 52 29.0
51 53 58.0
51 54 86.0
51 55 114.0
51 56 80.0
51 57 52.0
51 58 24.0
51 59 53.0
51 60 82.0
51 61 110.0
51 62 138.0
51 63 102.0
51 64 74.0
51 65 46.0
51 66 75.0
51 67 104.0
51 68 132.0
51 69 160.0
52 0 245.0
52 1 217.0
52 2 189.0
52 3 160.0
52 4 189.0
52 5 217.0
52 6 245.0
52 7 223.0
52 8 195.0
52 9 167.0
52 10 138.0
52 11 167.0
52 12 195.0
52 13 223.0
52 14 199.0
52 15 171.0
52 16 143.0
52 17 114.0
52 18 143.0
52 19 171.0
52 20 199.0
52 21 177.0
52 22 149.0
52 23 121.0
52 24 92.0
52 25 121.0
52 26 149.0
52 27 177.0
52 28 153.0
52 29 125.0
52 30 97.0
52 31 68.0
52 32 97.0
52 33 125.0
52 34 153.0
52 35 131.0
52 36 103.0
52 37 75.0
52 38 46.0
52 39 75.0
52 40 103.0
52 41 131.0
52 42 107.0
52 43 79.0
52 44 51.0
52 45 22.0
52 46 51.0
52 47 79.0
52 48 107.0
52 49 85.0
52 50 57.0
52 51 29.0
52 52 0.0
52 53 29.0
52 54 57.0
52 55 85.0
52 56 109.0
52 57 81.0
52 58 53.0
52 59 24.0
52 60 53.0
52 61 81.0
52 62 109.0
52 63 131.0
52 64 103.0
52 65 75.0
52 66 46.0
52 67 75.0
52 68 103.0
52 69 131.0
53 0 274.0
53 1 246.0
53 2 218.0
53 3 189.0
53 4 160.0
53 5 188.0
53 6 216.0
53 7 252.0
53 8 224.0
53 9 196.0
53 10 167.0
53 11 138.0
53 12 166.0
53 13 194.0
53 14 228.0
53 15 200.0
53 16 172.0
53 17 143.0
53 18 114.0
53 19 142.0
53 20 170.0
53 21 206.0
53 22 178.0
53 23 150.0
53 24 121.0
53 25 92.0
53 26 120.0
53 27 148.0
53 28 182.0
53 29 154.0
53 30 126.0
53 31 97.0
53 32 68.0
53 33 96.0
53 34 124.0
53 35 160.0
53 36 132.0
53 37 104.0
53 38 75.0
53 39 46.0
53 40 74.0
53 41 102.0
53 42 136.0
53 43 108.0
53 44 80.0
53 45 51.0
53 46 22.0
53 47 50.0
53 48 78.0
53 49 114.0
53 50 86.0
53 51 58.0
53 52 29.0
53 53 0.0
53 54 28.0
53 55 56.0
53 56 138.0
53 57 110.0
53 58 82.0
53 59 53.0
53 60 24.0
53 61 52.0
53 62 80.0
53 63 160.0
53 64 132.0
53 65 104.0
53 66 75.0
53 67 46.0
53 68 74.0
53 69 102.0
54 0 302.0
54 1 274.0
54 2 246.0
54 3 217.0
54 4 188.0
54 5 160.0
54 6 188.0
54 7 280.0
54 8 252.0
54 9 224.0
54 10 195.0
54 11 166.0
54 12 138.0
54 13 166.0
54 14 256.0
54 15 228.0
54 16 200.0
54 17 171.0
54 18 142.0
54 19 114.0
54 20 142.0
54 21 234.0
54 22 206.0
54 23 178.0
54 24 149.0
54 25 120.0
54 26 92.0
54 27 120.0
54 28 210.0
54 29 182.0
54 30 154.0
54 31 125.0
54 32 96.0
54 33 68.0
54 34 96.0
54 35 188.0
54 36 160.0
54 37 132.0
54 38 103.0
54 39 74.0
54 40 46.0
54 41 74.0
54 42 164.0
54 43 136.0
54 44 108.0
54 45 79.0
54 46 50.0
54 47 22.0
54 48 50.0
54 49 142.0
54 50 114.0
54 51 86.0
54 52 57.0
54 53 28.0
54 54 0.0
54 55 28.0
54 56 166.0
54 57 138.0
54 58 110.0
54 59 81.0
54 60 52.0
54 61 24.0
54 62 52.0
54 63 188.0
54 64 160.0
54 65 132.0
54 66 103.0
54 67 74.0
54 68 46.0
54 69 74.0
55 0 330.0
55 1 302.0
55 2 274.0
55 3 245.0
55 4 216.0
55 5 188.0
55 6 160.0
55 7 308.0
55 8 280.0
55 9 252.0
55 10 223.0
55 11 194.0
55 12 166.0
55 13 138.0
55 14 284.0
55 15 256.0
55 16 228.0
55 17 199.0
55 18 170.0
55 19 142.0
55 20 114.0
55 21 262.0
55 22 234.0
55 23 206.0
55 24 177.0
55 25 148.0
55 26 120.0
55 27 92.0
55 28 238.0
55 29 210.0
55 30 182.0
55 31 153.0
55 32 124.0
55 33 96.0
55 34 68.0
55 35 216.0
55 36 188.0
55 37 160.0
55 38 131.0
55 39 102.0
55 40 74.0
55 41 46.0
55 42 192.0
55 43 164.0
55 44 136.0
55 45 107.0
55 46 78.0
55 47 50.0
55 48 22.0
55 49 170.0
55 50 142.0
55 51 114.0
55 52 85.0
55 53 56.0
55 54 28.0
55 55 0.0
55 56 194.0
55 57 166.0
55 58 138.0
55 59 109.0
55 60 80.0
55 61 52.0
55 62 24.0
55 63 216.0
55 64 188.0
55 65 160.0
55 66 131.0
55 67 102.0
55 68 74.0
55 69 46.0
56 0 184.0
56 1 212.0
56 2 240.0
56 3 269.0
56 4 298.0
56 5 326.0
56 6 354.0
56 7 162.0
56 8 190.0
56 9 218.0
56 10 247.0
56 11 276.0
56 12 304.0
56 13 332.0
56 14 138.0
56 15 166.0
56 16 194.0
56 17 223.0
56 18 252.0
56 19 280.0
56 20 308.0
56 21 116.0
56 22 144.0
56 23 172.0
56 24 201.0
56 25 230.0
56 26 258.0
56 27 286.0
56 28 92.0
56 29 120.0
56 30 148.0
56 31 177.0
56 32 206.0
56 33 234.0
56 34 262.0
56 35 70.0
56 36 98.0
56 37 126.0
56 38 155.0
56 39 184.0
56 40 212.0
56 41 240.0
56 42 46.0
56 43 74.0
56 44 102.0
56 45 131.0
56 46 160.0
56 47 188.0
56 48 216.0
56 49 24.0
56 50 52.0
56 51 80.0
56 52 109.0
56 53 138.0
56 54 166.0
56 55 194.0
56 56 0.0
56 57 28.0
56 58 56.0
56 59 85.0
56 60 114.0
56 61 142.0
56 62 170.0
56 63 22.0
56 64 50.0
56 65 78.0
56 66 107.0
56 67 136.0
56 68 164.0
56 69 192.0
57 0 212.0
57 1 184.0
57 2 212.0
57 3 241.0
57 4 270.0
57 5 298.0
57 6 326.0
57 7 190.0
57 8 162.0
57 9 190.0
57 10 219.0
57 11 248.0
57 12 276.0
57 13 304.0
57 14 166.0
57 15 138.0
57 16 166.0
57 17 195.0
57 18 224.0
57 19 252.0
57 20 280.0
57 21 144.0
57 22 116.0
57 23 144.0
57 24 173.0
57 25 202.0
57 26 230.0
57 27 258.0
57 28 120.0
57 29 92.0
57 30 120.0
57 31 149.0
57 32 178.0
57 33 206.0
57 34 234.0
57 35 98.0
57 36 70.0
57 37 98.0
57 38 127.0
57 39 156.0
57 40 184.0
57 41 212.0
57 42 74.0
57 43 46.0
57 44 74.0
57 45 103.0
57 46 132.0
57 47 160.0
57 48 188.0
57 49 52.0
57 50 24.0
57 51 52.0
57 52 81.0
57 53 110.0
57 54 138.0
57 55 166.0
57 56 28.0
57 57 0.0
57 58 28.0
57 59 57.0
57 60 86.0
57 61 114.0
57 62 142.0
57 63 50.0
57 64 22.0
57 65 50.0
57 66 79.0
57 67 108.0
57 68 136.0
57 69 164.0
58 0 240.0
58 1 212.0
58 2 184.0
58 3 213.0
58 4 242.0
58 5 270.0
58 6 298.0
58 7 218.0
58 8 190.0
58 9 162.0
58 10 191.0
58 11 220.0
58 12 248.0
58 13 276.0
58 14 194.0
58 15 166.0
58 16 138.0
58 17 167.0
58 18 196.0
58 19 224.0
58 20 252.0
58 21 172.0
58 22 144.0
58 23 116.0
58 24 145.0
58 25 174.0
58 26 202.0
58 27 230.0
58 28 148.0
58 29 120.0
58 30 92.0
58 31 121.0
58 32 150.0
58 33 178.0
58 34 206.0
58 35 126.0
58 36 98.0
58 37 70.0
58 38 99.0
58 39 128.0
58 40 156.0
58 41 184.0
58 42 102.0
58 43 74.0
58 44 46.0
58 45 75.0
58 46 104.0
58 47 132.0
58 48 160.0
58 49 80.0
58 50 52.0
58 51 24.0
58 52 53.0
58 53 82.0
58 54 110.0
58 55 138.0
58 56 56.0
58 57 28.0
58 58 0.0
58 59 29.0
58 60 58.0
58 61 86.0
58 62 114.0
58 63 78.0
58 64 50.0
58 65 22.0
58 66 51.0
58 67 80.0
58 68 108.0
58 69 136.0
59 0 269.0
59 1 241.0
59 2 213.0
59 3 184.0
59 4 213.0
59 5 241.0
59 6 269.0
59 7 247.0
59 8 219.0
59 9 191.0
59 10 162.0
59 11 191.0
59 12 219.0
59 13 247.0
59 14 223.0
59 15 195.0
59 16 167.0
59 17 138.0
59 18 167.0
59 19 195.0
59 20 223.0
59 21 201.0
59 22 173.0
59 23 145.0
59 24 116.0
59 25 145.0
59 26 173.0
59 27 201.0
59 28 177.0
59 29 149.0
59 30 121.0
59 31 92.0
59 32 121.0
59 33 149.0
59 34 177.0
59 35 155.0
59 36 127.0
59 37 99.0
59 38 70.0
59 39 99.0
59 40 127.0
59 41 155.0
59 42 131.0
59 43 103.0
59 44 75.0
59 45 46.0
59 46 75.0
59 47 103.0
59 48 131.0
59 49 109.0
59 50 81.0
59 51 53.0
59 52 24.0
59 53 53.0
59 54 81.0
59 55 109.0
59 56 85.0
59 57 57.0
59 58 29.0
59 59 0.0
59 60 29.0
59 61 57.0
59 62 85.0
59 63 107.0
59 64 79.0
59 65 51.0
59 66 22.0
59 67 51.0
59 68 79.0
59 69 107.0
60 0 298.0
60 1 270.0
60 2 242.0
60 3 213.0
60 4 184.0
60 5 212.0
60 6 240.0
60 7 276.0
60 8 248.0
60 9 220.0
60 10 191.0
60 11 162.0
60 12 190.0
60 13 218.0
60 14 252.0
60 15 224.0
60 16 196.0
60 17 167.0
60 18 138.0
60 19 166.0
60 20 194.0
60 21 230.0
60 22 202.0
60 23 174.0
60 24 145.0
60 25 116.0
60 26 144.0
60 27 172.0
60 28 206.0
60 29 178.0
60 30 150.0
60 31 121.0
60 32 92.0
60 33 120.0
60 34 148.0
60 35 184.0
60 36 156.0
60 37 128.0
60 38 99.0
60 39 70.0
60 40 98.0
60 41 126.0
60 42 160.0
60 43 132.0
60 44 104.0
60 45 75.0
60 46 46.0
60 47 74.0
60 48 102.0
60 49 138.0
60 50 110.0
60 51 82.0
60 52 53.0
60 53 24.0
60 54 52.0
60 55 80.0
60 56 114.0
60 57 86.0
60 58 58.0
60 59 29.0
60 60 0.0
60 61 28.0
60 62 56.0
60 63 136.0
60 64 108.0
60 65 80.0
60 66 51.0
60 67 22.0
60 68 50.0
60 69 78.0
61 0 326.0
61 1 298.0
61 2 270.0
61 3 241.0
61 4 212.0
61 5 184.0
61 6 212.0
61 7 304.0
61 8 276.0
61 9 248.0
61 10 219.0
61 11 190.0
61 12 162.0
61 13 190.0
61 14 280.0
61 15 252.0
61 16 224.0
61 17 195.0
61 18 166.0
61 19 138.0
61 20 166.0
61 21 258.0
61 22 230.0
61 23 202.0
61 24 173.0
61 25 144.0
61 26 116.0
61 27 144.0
61 28 234.0
61 29 206.0
61 30 178.0
61 31 149.0
61 32 120.0
61 33 92.0
61 34 120.0
61 35 212.0
61 36 184.0
61 37 156.0
61 38 127.0
61 39 98.0
61 40 70.0
61 41 98.0
61 42 188.0
61 43 160.0
61 44 132.0
61 45 103.0
61 46 74.0
61 47 46.0
61 48 74.0
61 49 166.0
61 50 138.0
61 51 110.0
61 52 81.0
61 53 52.0
61 54 24.0
61 55 52.0
61 56 142.0
61 57 114.0
61 58 86.0
61 59 57.0
61 60 28.0
61 61 0.0
61 62 28.0
61 63 164.0
61 64 136.0
61 65 108.0
61 66 79.0
61 67 50.0
61 68 22.0
61 69 50.0
62 0 354.0
62 1 326.0
62 2 298.0
62 3 269.0
62 4 240.0
62 5 212.0
62 6 184.0
62 7 332.0
62 8 304.0
62 9 276.0
62 10 247.0
62 11 218.0
62 12 190.0
62 13 162.0
62 14 308.0
62 15 280.0
62 16 252.0
62 17 223.0
62 18 194.0
62 19 166.0
62 20 138.0
62 21 286.0
62 22 258.0
62 23 230.0
62 24 201.0
62 25 172.0
62 26 144.0
62 27 116.0
62 28 262.0
62 29 234.0
62 30 206.0
62 31 177.0
62 32 148.0
62 33 120.0
62 34 92.0
62 35 240.0
62 36 212.0
62 37 184.0
62 38 155.0
62 39 126.0
62 40 98.0
62 41 70.0
62 42 216.0
62 43 188.0
62 44 160.0
62 45 131.0
62 46 102.0
62 47 74.0
62 48 46.0
62 49 194.0
62 50 166.0
62 51 138.0
62 52 109.0
62 53 80.0
62 54 52.0
62 55 24.0
62 56 170.0
62 57 142.0
62 58 114.0
62 59 85.0
62 60 56.0
62 61 28.0
62 62 0.0
62 63 192.0
62 64 164.0
62 65 136.0
62 66 107.0
62 67 78.0
62 68 50.0
62 69 22.0
63 0 206.0
63 1 234.0
63 2 262.0
63 3 291.0
63 4 320.0
63 5 348.0
63 6 376.0
63 7 184.0
63 8 212.0
63 9 240.0
63 10 269.0
63 11 298.0
63 12 326.0
63 13 354.0
63 14 160.0
63 15 188.0
63 16 216.0
63 17 245.0
63 18 274.0
63 19 302.0
63 20 330.0
63 21 138.0
63 22 166.0
63 23 194.0
63 24 223.0
63 25 252.0
63 26 280.0
63 27 308.0
63 28 114.0
63 29 142.0
63 30 170.0
63 31 199.0
63 32 228.0
63 33 256.0
63 34 284.0
63 35 92.0
63 36 120.0
63 37 148.0
63 38 177.0
63 39 206.0
63 40 234.0
63 41 262.0
63 42 68.0
63 43 96.0
63 44 124.0
63 45 153.0
63 46 182.0
63 47 210.0
63 48 238.0
63 49 46.0
63 50 74.0
63 51 102.0
63 52 131.0
63 53 160.0
63 54 188.0
63 55 216.0
63 56 22.0
63 57 50.0
63 58 78.0
63 59 107.0
63 60 136.0
63 61 164.0
63 62 192.0
63 63 0.0
63 64 28.0
63 65 56.0
63 66 85.0
63 67 114.0
63 68 142.0
63 69 170.0
64 0 234.0
64 1 206.0
64 2 234.0
64 3 263.0
64 4 292.0
64 5 320.0
64 6 348.0
64 7 212.0
64 8 184.0
64 9 212.0
64 10 241.0
64 11 270.0
64 12 298.0
64 13 326.0
64 14 188.0
64 15 160.0
64 16 188.0
64 17 217.0
64 18 246.0
64 19 274.0
64 20 302.0
64 21 166.0
64 22 138.0
64 23 166.0
64 24 195.0
64 25 224.0
64 26 252.0
64 27 280.0
64 28 142.0
64 29 114.0
64 30 142.0
64 31 171.0
64 32 200.0
64 33 228.0
64 34 256.0
64 35 120.0
64 36 92.0
64 37 120.0
64 38 149.0
64 39 178.0
64 40 206.0
64 41 234.0
64 42 96.0
64 43 68.0
64 44 96.0
64 45 125.0
64 46 154.0
64 47 182.0
64 48 210.0
64 49 74.0
64 50 46.0
64 51 74.0
64 52 103.0
64 53 132.0
64 54 160.0
64 55 188.0
64 56 50.0
64 57 22.0
64 58 50.0
64 59 79.0
64 60 108.0
64 61 136.0
64 62 164.0
64 63 28.0
64 64 0.0
64 65 28.0
64 66 57.0
64 67 86.0
64 68 114.0
64 69 142.0
65 0 262.0
65 1 234.0
65 2 206.0
65 3 235.0
65 4 264.0
65 5 292.0
65 6 320.0
65 7 240.0
65 8 212.0
65 9 184.0
65 10 213.0
65 11 242.0
65 12 270.0
65 13 298.0
65 14 216.0
65 15 188.0
65 16 160.0
65 17 189.0
65 18 218.0
65 19 246.0
65 20 274.0
65 21 194.0
65 22 166.0
65 23 138.0
65 24 167.0
65 25 196.0
65 26 224.0
65 27 252.0
65 28 170.0
65 29 142.0
65 30 114.0
65 31 143.0
65 32 172.0
65 33 200.0
65 34 228.0
65 35 148.0
65 36 120.0
65 37 92.0
65 38 121.0
65 39 150.0
65 40 178.0
65 41 206.0
65 42 124.0
65 43 96.0
65 44 68.0
65 45 97.0
65 46 126.0
65 47 154.0
65 48 182.0
65 49 102.0
65 50 74.0
65 51 46.0
65 52 75.0
65 53 104.0
65 54 132.0
65 55 160.0
65 56 78.0
65 57 50.0
65 58 22.0
65 59 51.0
65 60 80.0
65 61 108.0
65 62 136.0
65 63 56.0
65 64 28.0
65 65 0.0
65 66 29.0
65 67 58.0
65 68 86.0
65 69 114.0
66 0 291.0
66 1 263.0
66 2 235.0
66 3 206.0
66 4 235.0
66 5 263.0
66 6 291.0
66 7 269.0
66 8 241.0
66 9 213.0
66 10 184.0
66 11 213.0
66 12 241.0
66 13 269.0
66 14 245.0
66 15 217.0
66 16 189.0
66 17 160.0
66 18 189.0
66 19 217.0
66 20 245.0
66 21 223.0
66 22 195.0
66 23 167.0
66 24 138.0
66 25 167.0
66 26 195.0
66 27 223.0
66 28 199.0
66 29 171.0
66 30 143.0
66 31 114.0
66 32 143.0
66 33 171.0
66 34 199.0
66 35 177.0
66 36 149.0
66 37 121.0
66 38 92.0
66 39 121.0
66 40 149.0
66 41 177.0
66 42 153.0
66 43 125.0
66 44 97.0
66 45 68.0
66 46 97.0
66 47 125.0
66 48 153.0
66 49 131.0
66 50 103.0
66 51 75.0
66 52 46.0
66 53 75.0
66 54 103.0
66 55 131.0
66 56 107.0
66 57 79.0
66 58 51.0
66 59 22.0
66 60 51.0
66 61 79.0
66 62 107.0
66 63 85.0
66 64 57.0
66 65 29.0
66 66 0.0
66 67 29.0
66 68 57.0
66 69 85.0
67 0 320.0
67 1 292.0
67 2 264.0
67 3 235.0
67 4 206.0
67 5 234.0
67 6 262.0
67 7 298.0
67 8 270.0
67 9 242.0
67 10 213.0
67 11 184.0
67 12 212.0
67 13 240.0
67 14 274.0
67 15 246.0
67 16 218.0
67 17 189.0
67 18 160.0
67 19 188.0
67 20 216.0
67 21 252.0
67 22 224.0
67 23 196.0
67 24 167.0
67 25 138.0
67 26 166.0
67 27 194.0
67 28 228.0
67 29 200.0
67 30 172.0
67 31 143.0
67 32 114.0
67 33 142.0
67 34 170.0
67 35 206.0
67 36 178.0
67 37 150.0
67 38 121.0
67 39 92.0
67 40 120.0
67 41 148.0
67 42 182.0
67 43 154.0
67 44 126.0
67 45 97.0
67 46 68.0
67 47 96.0
67 48 124.0
67 49 160.0
67 50 132.0
67 51 104.0
67 52 75.0
67 53 46.0
67 54 74.0
67 55 102.0
67 56 136.0
67 57 108.0
67 58 80.0
67 59 51.0
67 60 22.0
67 61 50.0
67 62 78.0
67 63 114.0
67 64 86.0
67 65 58.0
67 66 29.0
67 67 0.0
67 68 28.0
67 69 56.0
68 0 348.0
68 1 320.0
68 2 292.0
68 3 263.0
68 4 234.0
68 5 206.0
68 6 234.0
68 7 326.0
68 8 298.0
68 9 270.0
68 10 241.0
68 11 212.0
68 12 184.0
68 13 212.0
68 14 302.0
68 15 274.0
68 16 246.0
68 17 217.0
68 18 188.0
68 19 160.0
68 20 188.0
68 21 280.0
68 22 252.0
68 23 224.0
68 24 195.0
68 25 166.0
68 26 138.0
68 27 166.0
68 28 256.0
68 29 228.0
68 30 200.0
68 31 171.0
68 32 142.0
68 33 114.0
68 34 142.0
68 35 234.0
68 36 206.0
68 37 178.0
68 38 149.0
68 39 120.0
68 40 92.0
68 41 120.0
68 42 210.0
68 43 182.0
68 44 154.0
68 45 125.0
68 46 96.0
68 47 68.0
68 48 96.0
68 49 188.0
68 50 160.0
68 51 132.0
68 52 103.0
68 53 74.0
68 54 46.0
68 55 74.0
68 56 164.0
68 57 136.0
68 58 108.0
68 59 79.0
68 60 50.0
68 61 22.0
68 62 50.0
68 63 142.0
68 64 114.0
68 65 86.0
68 66 57.0
68 67 28.0
68 68 0.0
68 69 28.0
69 0 376.0
69 1 348.0
69 2 320.0
69 3 291.0
69 4 262.0
69 5 234.0
69 6 206.0
69 7 354.0
69 8 326.0
69 9 298.0
69 10 269.0
69 11 240.0
69 12 212.0
69 13 184.0
69 14 330.0
69 15 302.0
69 16 274.0
69 17 245.0
69 18 216.0
69 19 188.0
69 20 160.0
69 21 308.0
69 22 280.0
69 23 252.0
69 24 223.0
69 25 194.0
69 26 166.0
69 27 138.0
69 28 284.0
69 29 256.0
69 30 228.0
69 31 199.0
69 32 170.0
69 33 142.0
69 34 114.0
69 35 262.0
69 36 234.0
69 37 206.0
69 38 177.0
69 39 148.0
69 40 120.0
69 41 92.0
69 42 238.0
69 43 210.0
69 44 182.0
69 45 153.0
69 46 124.0
69 47 96.0
69 48 68.0
69 49 216.0
69 50 188.0
69 51 160.0
69 52 131.0
69 53 102.0
69 54 74.0
69 55 46.0
69 56 192.0
69 57 164.0
69 58 136.0
69 59 107.0
69 60 78.0
69 61 50.0
69 62 22.0
69 63 170.0
69 64 142.0
69 65 114.0
69 66 85.0
69 67 56.0
69 68 28.0
69 69 0.0
