100 
30 
25
2 2 2 2 16 16 16 16 16 16 2 2 2 2 16 16 16 16 16 16 2 2 2 2 16 16 2 2 2 2 2 2 2 2 16 16 2 2 2 2 2 2 8 8 8 8 8 2 2 2 2 2 8 8 8 8 7 1 1 1 1 1 7 7 7 7 7 1 1 1 1 1 7 7 7 7 7 1 1 1 1 1 1 1 1 1 1 1 1 1 1 1 1 1 1 1 1 1 1 1 
0 0 0
0 1 18
0 2 38
0 3 56
0 4 76
0 5 94
0 6 114
0 7 132
0 8 152
0 9 170
0 10 22
0 11 40
0 12 60
0 13 78
0 14 98
0 15 116
0 16 136
0 17 154
0 18 174
0 19 192
0 20 46
0 21 64
0 22 84
0 23 102
0 24 122
0 25 140
0 26 160
0 27 178
0 28 198
0 29 216
0 30 68
0 31 86
0 32 106
0 33 124
0 34 144
0 35 162
0 36 182
0 37 200
0 38 220
0 39 238
0 40 92
0 41 110
0 42 130
0 43 148
0 44 168
0 45 186
0 46 206
0 47 224
0 48 244
0 49 262
0 50 114
0 51 132
0 52 152
0 53 170
0 54 190
0 55 208
0 56 228
0 57 246
0 58 266
0 59 284
0 60 138
0 61 156
0 62 176
0 63 194
0 64 214
0 65 232
0 66 252
0 67 270
0 68 290
0 69 308
0 70 160
0 71 178
0 72 198
0 73 216
0 74 236
0 75 254
0 76 274
0 77 292
0 78 312
0 79 330
0 80 184
0 81 202
0 82 222
0 83 240
0 84 260
0 85 278
0 86 298
0 87 316
0 88 336
0 89 354
0 90 206
0 91 224
0 92 244
0 93 262
0 94 282
0 95 300
0 96 320
0 97 338
0 98 358
0 99 376
1 0 18
1 1 0
1 2 20
1 3 38
1 4 58
1 5 76
1 6 96
1 7 114
1 8 134
1 9 152
1 10 40
1 11 22
1 12 42
1 13 60
1 14 80
1 15 98
1 16 118
1 17 136
1 18 156
1 19 174
1 20 64
1 21 46
1 22 66
1 23 84
1 24 104
1 25 122
1 26 142
1 27 160
1 28 180
1 29 198
1 30 86
1 31 68
1 32 88
1 33 106
1 34 126
1 35 144
1 36 164
1 37 182
1 38 202
1 39 220
1 40 110
1 41 92
1 42 112
1 43 130
1 44 150
1 45 168
1 46 188
1 47 206
1 48 226
1 49 244
1 50 132
1 51 114
1 52 134
1 53 152
1 54 172
1 55 190
1 56 210
1 57 228
1 58 248
1 59 266
1 60 156
1 61 138
1 62 158
1 63 176
1 64 196
1 65 214
1 66 234
1 67 252
1 68 272
1 69 290
1 70 178
1 71 160
1 72 180
1 73 198
1 74 218
1 75 236
1 76 256
1 77 274
1 78 294
1 79 312
1 80 202
1 81 184
1 82 204
1 83 222
1 84 242
1 85 260
1 86 280
1 87 298
1 88 318
1 89 336
1 90 224
1 91 206
1 92 226
1 93 244
1 94 264
1 95 282
1 96 302
1 97 320
1 98 340
1 99 358
2 0 38
2 1 20
2 2 0
2 3 18
2 4 38
2 5 56
2 6 76
2 7 94
2 8 114
2 9 132
2 10 60
2 11 42
2 12 22
2 13 40
2 14 60
2 15 78
2 16 98
2 17 116
2 18 136
2 19 154
2 20 84
2 21 66
2 22 46
2 23 64
2 24 84
2 25 102
2 26 122
2 27 140
2 28 160
2 29 178
2 30 106
2 31 88
2 32 68
2 33 86
2 34 106
2 35 124
2 36 144
2 37 162
2 38 182
2 39 200
2 40 130
2 41 112
2 42 92
2 43 110
2 44 130
2 45 148
2 46 168
2 47 186
2 48 206
2 49 224
2 50 152
2 51 134
2 52 114
2 53 132
2 54 152
2 55 170
2 56 190
2 57 208
2 58 228
2 59 246
2 60 176
2 61 158
2 62 138
2 63 156
2 64 176
2 65 194
2 66 214
2 67 232
2 68 252
2 69 270
2 70 198
2 71 180
2 72 160
2 73 178
2 74 198
2 75 216
2 76 236
2 77 254
2 78 274
2 79 292
2 80 222
2 81 204
2 82 184
2 83 202
2 84 222
2 85 240
2 86 260
2 87 278
2 88 298
2 89 316
2 90 244
2 91 226
2 92 206
2 93 224
2 94 244
2 95 262
2 96 282
2 97 300
2 98 320
2 99 338
3 0 56
3 1 38
3 2 18
3 3 0
3 4 20
3 5 38
3 6 58
3 7 76
3 8 96
3 9 114
3 10 78
3 11 60
3 12 40
3 13 22
3 14 42
3 15 60
3 16 80
3 17 98
3 18 118
3 19 136
3 20 102
3 21 84
3 22 64
3 23 46
3 24 66
3 25 84
3 26 104
3 27 122
3 28 142
3 29 160
3 30 124
3 31 106
3 32 86
3 33 68
3 34 88
3 35 106
3 36 126
3 37 144
3 38 164
3 39 182
3 40 148
3 41 130
3 42 110
3 43 92
3 44 112
3 45 130
3 46 150
3 47 168
3 48 188
3 49 206
3 50 170
3 51 152
3 52 132
3 53 114
3 54 134
3 55 152
3 56 172
3 57 190
3 58 210
3 59 228
3 60 194
3 61 176
3 62 156
3 63 138
3 64 158
3 65 176
3 66 196
3 67 214
3 68 234
3 69 252
3 70 216
3 71 198
3 72 178
3 73 160
3 74 180
3 75 198
3 76 218
3 77 236
3 78 256
3 79 274
3 80 240
3 81 222
3 82 202
3 83 184
3 84 204
3 85 222
3 86 242
3 87 260
3 88 280
3 89 298
3 90 262
3 91 244
3 92 224
3 93 206
3 94 226
3 95 244
3 96 264
3 97 282
3 98 302
3 99 320
4 0 76
4 1 58
4 2 38
4 3 20
4 4 0
4 5 18
4 6 38
4 7 56
4 8 76
4 9 94
4 10 98
4 11 80
4 12 60
4 13 42
4 14 22
4 15 40
4 16 60
4 17 78
4 18 98
4 19 116
4 20 122
4 21 104
4 22 84
4 23 66
4 24 46
4 25 64
4 26 84
4 27 102
4 28 122
4 29 140
4 30 144
4 31 126
4 32 106
4 33 88
4 34 68
4 35 86
4 36 106
4 37 124
4 38 144
4 39 162
4 40 168
4 41 150
4 42 130
4 43 112
4 44 92
4 45 110
4 46 130
4 47 148
4 48 168
4 49 186
4 50 190
4 51 172
4 52 152
4 53 134
4 54 114
4 55 132
4 56 152
4 57 170
4 58 190
4 59 208
4 60 214
4 61 196
4 62 176
4 63 158
4 64 138
4 65 156
4 66 176
4 67 194
4 68 214
4 69 232
4 70 236
4 71 218
4 72 198
4 73 180
4 74 160
4 75 178
4 76 198
4 77 216
4 78 236
4 79 254
4 80 260
4 81 242
4 82 222
4 83 204
4 84 184
4 85 202
4 86 222
4 87 240
4 88 260
4 89 278
4 90 282
4 91 264
4 92 244
4 93 226
4 94 206
4 95 224
4 96 244
4 97 262
4 98 282
4 99 300
5 0 94
5 1 76
5 2 56
5 3 38
5 4 18
5 5 0
5 6 20
5 7 38
5 8 58
5 9 76
5 10 116
5 11 98
5 12 78
5 13 60
5 14 40
5 15 22
5 16 42
5 17 60
5 18 80
5 19 98
5 20 140
5 21 122
5 22 102
5 23 84
5 24 64
5 25 46
5 26 66
5 27 84
5 28 104
5 29 122
5 30 162
5 31 144
5 32 124
5 33 106
5 34 86
5 35 68
5 36 88
5 37 106
5 38 126
5 39 144
5 40 186
5 41 168
5 42 148
5 43 130
5 44 110
5 45 92
5 46 112
5 47 130
5 48 150
5 49 168
5 50 208
5 51 190
5 52 170
5 53 152
5 54 132
5 55 114
5 56 134
5 57 152
5 58 172
5 59 190
5 60 232
5 61 214
5 62 194
5 63 176
5 64 156
5 65 138
5 66 158
5 67 176
5 68 196
5 69 214
5 70 254
5 71 236
5 72 216
5 73 198
5 74 178
5 75 160
5 76 180
5 77 198
5 78 218
5 79 236
5 80 278
5 81 260
5 82 240
5 83 222
5 84 202
5 85 184
5 86 204
5 87 222
5 88 242
5 89 260
5 90 300
5 91 282
5 92 262
5 93 244
5 94 224
5 95 206
5 96 226
5 97 244
5 98 264
5 99 282
6 0 114
6 1 96
6 2 76
6 3 58
6 4 38
6 5 20
6 6 0
6 7 18
6 8 38
6 9 56
6 10 136
6 11 118
6 12 98
6 13 80
6 14 60
6 15 42
6 16 22
6 17 40
6 18 60
6 19 78
6 20 160
6 21 142
6 22 122
6 23 104
6 24 84
6 25 66
6 26 46
6 27 64
6 28 84
6 29 102
6 30 182
6 31 164
6 32 144
6 33 126
6 34 106
6 35 88
6 36 68
6 37 86
6 38 106
6 39 124
6 40 206
6 41 188
6 42 168
6 43 150
6 44 130
6 45 112
6 46 92
6 47 110
6 48 130
6 49 148
6 50 228
6 51 210
6 52 190
6 53 172
6 54 152
6 55 134
6 56 114
6 57 132
6 58 152
6 59 170
6 60 252
6 61 234
6 62 214
6 63 196
6 64 176
6 65 158
6 66 138
6 67 156
6 68 176
6 69 194
6 70 274
6 71 256
6 72 236
6 73 218
6 74 198
6 75 180
6 76 160
6 77 178
6 78 198
6 79 216
6 80 298
6 81 280
6 82 260
6 83 242
6 84 222
6 85 204
6 86 184
6 87 202
6 88 222
6 89 240
6 90 320
6 91 302
6 92 282
6 93 264
6 94 244
6 95 226
6 96 206
6 97 224
6 98 244
6 99 262
7 0 132
7 1 114
7 2 94
7 3 76
7 4 56
7 5 38
7 6 18
7 7 0
7 8 20
7 9 38
7 10 154
7 11 136
7 12 116
7 13 98
7 14 78
7 15 60
7 16 40
7 17 22
7 18 42
7 19 60
7 20 178
7 21 160
7 22 140
7 23 122
7 24 102
7 25 84
7 26 64
7 27 46
7 28 66
7 29 84
7 30 200
7 31 182
7 32 162
7 33 144
7 34 124
7 35 106
7 36 86
7 37 68
7 38 88
7 39 106
7 40 224
7 41 206
7 42 186
7 43 168
7 44 148
7 45 130
7 46 110
7 47 92
7 48 112
7 49 130
7 50 246
7 51 228
7 52 208
7 53 190
7 54 170
7 55 152
7 56 132
7 57 114
7 58 134
7 59 152
7 60 270
7 61 252
7 62 232
7 63 214
7 64 194
7 65 176
7 66 156
7 67 138
7 68 158
7 69 176
7 70 292
7 71 274
7 72 254
7 73 236
7 74 216
7 75 198
7 76 178
7 77 160
7 78 180
7 79 198
7 80 316
7 81 298
7 82 278
7 83 260
7 84 240
7 85 222
7 86 202
7 87 184
7 88 204
7 89 222
7 90 338
7 91 320
7 92 300
7 93 282
7 94 262
7 95 244
7 96 224
7 97 206
7 98 226
7 99 244
8 0 152
8 1 134
8 2 114
8 3 96
8 4 76
8 5 58
8 6 38
8 7 20
8 8 0
8 9 18
8 10 174
8 11 156
8 12 136
8 13 118
8 14 98
8 15 80
8 16 60
8 17 42
8 18 22
8 19 40
8 20 198
8 21 180
8 22 160
8 23 142
8 24 122
8 25 104
8 26 84
8 27 66
8 28 46
8 29 64
8 30 220
8 31 202
8 32 182
8 33 164
8 34 144
8 35 126
8 36 106
8 37 88
8 38 68
8 39 86
8 40 244
8 41 226
8 42 206
8 43 188
8 44 168
8 45 150
8 46 130
8 47 112
8 48 92
8 49 110
8 50 266
8 51 248
8 52 228
8 53 210
8 54 190
8 55 172
8 56 152
8 57 134
8 58 114
8 59 132
8 60 290
8 61 272
8 62 252
8 63 234
8 64 214
8 65 196
8 66 176
8 67 158
8 68 138
8 69 156
8 70 312
8 71 294
8 72 274
8 73 256
8 74 236
8 75 218
8 76 198
8 77 180
8 78 160
8 79 178
8 80 336
8 81 318
8 82 298
8 83 280
8 84 260
8 85 242
8 86 222
8 87 204
8 88 184
8 89 202
8 90 358
8 91 340
8 92 320
8 93 302
8 94 282
8 95 264
8 96 244
8 97 226
8 98 206
8 99 224
9 0 170
9 1 152
9 2 132
9 3 114
9 4 94
9 5 76
9 6 56
9 7 38
9 8 18
9 9 0
9 10 192
9 11 174
9 12 154
9 13 136
9 14 116
9 15 98
9 16 78
9 17 60
9 18 40
9 19 22
9 20 216
9 21 198
9 22 178
9 23 160
9 24 140
9 25 122
9 26 102
9 27 84
9 28 64
9 29 46
9 30 238
9 31 220
9 32 200
9 33 182
9 34 162
9 35 144
9 36 124
9 37 106
9 38 86
9 39 68
9 40 262
9 41 244
9 42 224
9 43 206
9 44 186
9 45 168
9 46 148
9 47 130
9 48 110
9 49 92
9 50 284
9 51 266
9 52 246
9 53 228
9 54 208
9 55 190
9 56 170
9 57 152
9 58 132
9 59 114
9 60 308
9 61 290
9 62 270
9 63 252
9 64 232
9 65 214
9 66 194
9 67 176
9 68 156
9 69 138
9 70 330
9 71 312
9 72 292
9 73 274
9 74 254
9 75 236
9 76 216
9 77 198
9 78 178
9 79 160
9 80 354
9 81 336
9 82 316
9 83 298
9 84 278
9 85 260
9 86 240
9 87 222
9 88 202
9 89 184
9 90 376
9 91 358
9 92 338
9 93 320
9 94 300
9 95 282
9 96 262
9 97 244
9 98 224
9 99 206
10 0 22
10 1 40
10 2 60
10 3 78
10 4 98
10 5 116
10 6 136
10 7 154
10 8 174
10 9 192
10 10 0
10 11 18
10 12 38
10 13 56
10 14 76
10 15 94
10 16 114
10 17 132
10 18 152
10 19 170
10 20 24
10 21 42
10 22 62
10 23 80
10 24 100
10 25 118
10 26 138
10 27 156
10 28 176
10 29 194
10 30 46
10 31 64
10 32 84
10 33 102
10 34 122
10 35 140
10 36 160
10 37 178
10 38 198
10 39 216
10 40 70
10 41 88
10 42 108
10 43 126
10 44 146
10 45 164
10 46 184
10 47 202
10 48 222
10 49 240
10 50 92
10 51 110
10 52 130
10 53 148
10 54 168
10 55 186
10 56 206
10 57 224
10 58 244
10 59 262
10 60 116
10 61 134
10 62 154
10 63 172
10 64 192
10 65 210
10 66 230
10 67 248
10 68 268
10 69 286
10 70 138
10 71 156
10 72 176
10 73 194
10 74 214
10 75 232
10 76 252
10 77 270
10 78 290
10 79 308
10 80 162
10 81 180
10 82 200
10 83 218
10 84 238
10 85 256
10 86 276
10 87 294
10 88 314
10 89 332
10 90 184
10 91 202
10 92 222
10 93 240
10 94 260
10 95 278
10 96 298
10 97 316
10 98 336
10 99 354
11 0 40
11 1 22
11 2 42
11 3 60
11 4 80
11 5 98
11 6 118
11 7 136
11 8 156
11 9 174
11 10 18
11 11 0
11 12 20
11 13 38
11 14 58
11 15 76
11 16 96
11 17 114
11 18 134
11 19 152
11 20 42
11 21 24
11 22 44
11 23 62
11 24 82
11 25 100
11 26 120
11 27 138
11 28 158
11 29 176
11 30 64
11 31 46
11 32 66
11 33 84
11 34 104
11 35 122
11 36 142
11 37 160
11 38 180
11 39 198
11 40 88
11 41 70
11 42 90
11 43 108
11 44 128
11 45 146
11 46 166
11 47 184
11 48 204
11 49 222
11 50 110
11 51 92
11 52 112
11 53 130
11 54 150
11 55 168
11 56 188
11 57 206
11 58 226
11 59 244
11 60 134
11 61 116
11 62 136
11 63 154
11 64 174
11 65 192
11 66 212
11 67 230
11 68 250
11 69 268
11 70 156
11 71 138
11 72 158
11 73 176
11 74 196
11 75 214
11 76 234
11 77 252
11 78 272
11 79 290
11 80 180
11 81 162
11 82 182
11 83 200
11 84 220
11 85 238
11 86 258
11 87 276
11 88 296
11 89 314
11 90 202
11 91 184
11 92 204
11 93 222
11 94 242
11 95 260
11 96 280
11 97 298
11 98 318
11 99 336
12 0 60
12 1 42
12 2 22
12 3 40
12 4 60
12 5 78
12 6 98
12 7 116
12 8 136
12 9 154
12 10 38
12 11 20
12 12 0
12 13 18
12 14 38
12 15 56
12 16 76
12 17 94
12 18 114
12 19 132
12 20 62
12 21 44
12 22 24
12 23 42
12 24 62
12 25 80
12 26 100
12 27 118
12 28 138
12 29 156
12 30 84
12 31 66
12 32 46
12 33 64
12 34 84
12 35 102
12 36 122
12 37 140
12 38 160
12 39 178
12 40 108
12 41 90
12 42 70
12 43 88
12 44 108
12 45 126
12 46 146
12 47 164
12 48 184
12 49 202
12 50 130
12 51 112
12 52 92
12 53 110
12 54 130
12 55 148
12 56 168
12 57 186
12 58 206
12 59 224
12 60 154
12 61 136
12 62 116
12 63 134
12 64 154
12 65 172
12 66 192
12 67 210
12 68 230
12 69 248
12 70 176
12 71 158
12 72 138
12 73 156
12 74 176
12 75 194
12 76 214
12 77 232
12 78 252
12 79 270
12 80 200
12 81 182
12 82 162
12 83 180
12 84 200
12 85 218
12 86 238
12 87 256
12 88 276
12 89 294
12 90 222
12 91 204
12 92 184
12 93 202
12 94 222
12 95 240
12 96 260
12 97 278
12 98 298
12 99 316
13 0 78
13 1 60
13 2 40
13 3 22
13 4 42
13 5 60
13 6 80
13 7 98
13 8 118
13 9 136
13 10 56
13 11 38
13 12 18
13 13 0
13 14 20
13 15 38
13 16 58
13 17 76
13 18 96
13 19 114
13 20 80
13 21 62
13 22 42
13 23 24
13 24 44
13 25 62
13 26 82
13 27 100
13 28 120
13 29 138
13 30 102
13 31 84
13 32 64
13 33 46
13 34 66
13 35 84
13 36 104
13 37 122
13 38 142
13 39 160
13 40 126
13 41 108
13 42 88
13 43 70
13 44 90
13 45 108
13 46 128
13 47 146
13 48 166
13 49 184
13 50 148
13 51 130
13 52 110
13 53 92
13 54 112
13 55 130
13 56 150
13 57 168
13 58 188
13 59 206
13 60 172
13 61 154
13 62 134
13 63 116
13 64 136
13 65 154
13 66 174
13 67 192
13 68 212
13 69 230
13 70 194
13 71 176
13 72 156
13 73 138
13 74 158
13 75 176
13 76 196
13 77 214
13 78 234
13 79 252
13 80 218
13 81 200
13 82 180
13 83 162
13 84 182
13 85 200
13 86 220
13 87 238
13 88 258
13 89 276
13 90 240
13 91 222
13 92 202
13 93 184
13 94 204
13 95 222
13 96 242
13 97 260
13 98 280
13 99 298
14 0 98
14 1 80
14 2 60
14 3 42
14 4 22
14 5 40
14 6 60
14 7 78
14 8 98
14 9 116
14 10 76
14 11 58
14 12 38
14 13 20
14 14 0
14 15 18
14 16 38
14 17 56
14 18 76
14 19 94
14 20 100
14 21 82
14 22 62
14 23 44
14 24 24
14 25 42
14 26 62
14 27 80
14 28 100
14 29 118
14 30 122
14 31 104
14 32 84
14 33 66
14 34 46
14 35 64
14 36 84
14 37 102
14 38 122
14 39 140
14 40 146
14 41 128
14 42 108
14 43 90
14 44 70
14 45 88
14 46 108
14 47 126
14 48 146
14 49 164
14 50 168
14 51 150
14 52 130
14 53 112
14 54 92
14 55 110
14 56 130
14 57 148
14 58 168
14 59 186
14 60 192
14 61 174
14 62 154
14 63 136
14 64 116
14 65 134
14 66 154
14 67 172
14 68 192
14 69 210
14 70 214
14 71 196
14 72 176
14 73 158
14 74 138
14 75 156
14 76 176
14 77 194
14 78 214
14 79 232
14 80 238
14 81 220
14 82 200
14 83 182
14 84 162
14 85 180
14 86 200
14 87 218
14 88 238
14 89 256
14 90 260
14 91 242
14 92 222
14 93 204
14 94 184
14 95 202
14 96 222
14 97 240
14 98 260
14 99 278
15 0 116
15 1 98
15 2 78
15 3 60
15 4 40
15 5 22
15 6 42
15 7 60
15 8 80
15 9 98
15 10 94
15 11 76
15 12 56
15 13 38
15 14 18
15 15 0
15 16 20
15 17 38
15 18 58
15 19 76
15 20 118
15 21 100
15 22 80
15 23 62
15 24 42
15 25 24
15 26 44
15 27 62
15 28 82
15 29 100
15 30 140
15 31 122
15 32 102
15 33 84
15 34 64
15 35 46
15 36 66
15 37 84
15 38 104
15 39 122
15 40 164
15 41 146
15 42 126
15 43 108
15 44 88
15 45 70
15 46 90
15 47 108
15 48 128
15 49 146
15 50 186
15 51 168
15 52 148
15 53 130
15 54 110
15 55 92
15 56 112
15 57 130
15 58 150
15 59 168
15 60 210
15 61 192
15 62 172
15 63 154
15 64 134
15 65 116
15 66 136
15 67 154
15 68 174
15 69 192
15 70 232
15 71 214
15 72 194
15 73 176
15 74 156
15 75 138
15 76 158
15 77 176
15 78 196
15 79 214
15 80 256
15 81 238
15 82 218
15 83 200
15 84 180
15 85 162
15 86 182
15 87 200
15 88 220
15 89 238
15 90 278
15 91 260
15 92 240
15 93 222
15 94 202
15 95 184
15 96 204
15 97 222
15 98 242
15 99 260
16 0 136
16 1 118
16 2 98
16 3 80
16 4 60
16 5 42
16 6 22
16 7 40
16 8 60
16 9 78
16 10 114
16 11 96
16 12 76
16 13 58
16 14 38
16 15 20
16 16 0
16 17 18
16 18 38
16 19 56
16 20 138
16 21 120
16 22 100
16 23 82
16 24 62
16 25 44
16 26 24
16 27 42
16 28 62
16 29 80
16 30 160
16 31 142
16 32 122
16 33 104
16 34 84
16 35 66
16 36 46
16 37 64
16 38 84
16 39 102
16 40 184
16 41 166
16 42 146
16 43 128
16 44 108
16 45 90
16 46 70
16 47 88
16 48 108
16 49 126
16 50 206
16 51 188
16 52 168
16 53 150
16 54 130
16 55 112
16 56 92
16 57 110
16 58 130
16 59 148
16 60 230
16 61 212
16 62 192
16 63 174
16 64 154
16 65 136
16 66 116
16 67 134
16 68 154
16 69 172
16 70 252
16 71 234
16 72 214
16 73 196
16 74 176
16 75 158
16 76 138
16 77 156
16 78 176
16 79 194
16 80 276
16 81 258
16 82 238
16 83 220
16 84 200
16 85 182
16 86 162
16 87 180
16 88 200
16 89 218
16 90 298
16 91 280
16 92 260
16 93 242
16 94 222
16 95 204
16 96 184
16 97 202
16 98 222
16 99 240
17 0 154
17 1 136
17 2 116
17 3 98
17 4 78
17 5 60
17 6 40
17 7 22
17 8 42
17 9 60
17 10 132
17 11 114
17 12 94
17 13 76
17 14 56
17 15 38
17 16 18
17 17 0
17 18 20
17 19 38
17 20 156
17 21 138
17 22 118
17 23 100
17 24 80
17 25 62
17 26 42
17 27 24
17 28 44
17 29 62
17 30 178
17 31 160
17 32 140
17 33 122
17 34 102
17 35 84
17 36 64
17 37 46
17 38 66
17 39 84
17 40 202
17 41 184
17 42 164
17 43 146
17 44 126
17 45 108
17 46 88
17 47 70
17 48 90
17 49 108
17 50 224
17 51 206
17 52 186
17 53 168
17 54 148
17 55 130
17 56 110
17 57 92
17 58 112
17 59 130
17 60 248
17 61 230
17 62 210
17 63 192
17 64 172
17 65 154
17 66 134
17 67 116
17 68 136
17 69 154
17 70 270
17 71 252
17 72 232
17 73 214
17 74 194
17 75 176
17 76 156
17 77 138
17 78 158
17 79 176
17 80 294
17 81 276
17 82 256
17 83 238
17 84 218
17 85 200
17 86 180
17 87 162
17 88 182
17 89 200
17 90 316
17 91 298
17 92 278
17 93 260
17 94 240
17 95 222
17 96 202
17 97 184
17 98 204
17 99 222
18 0 174
18 1 156
18 2 136
18 3 118
18 4 98
18 5 80
18 6 60
18 7 42
18 8 22
18 9 40
18 10 152
18 11 134
18 12 114
18 13 96
18 14 76
18 15 58
18 16 38
18 17 20
18 18 0
18 19 18
18 20 176
18 21 158
18 22 138
18 23 120
18 24 100
18 25 82
18 26 62
18 27 44
18 28 24
18 29 42
18 30 198
18 31 180
18 32 160
18 33 142
18 34 122
18 35 104
18 36 84
18 37 66
18 38 46
18 39 64
18 40 222
18 41 204
18 42 184
18 43 166
18 44 146
18 45 128
18 46 108
18 47 90
18 48 70
18 49 88
18 50 244
18 51 226
18 52 206
18 53 188
18 54 168
18 55 150
18 56 130
18 57 112
18 58 92
18 59 110
18 60 268
18 61 250
18 62 230
18 63 212
18 64 192
18 65 174
18 66 154
18 67 136
18 68 116
18 69 134
18 70 290
18 71 272
18 72 252
18 73 234
18 74 214
18 75 196
18 76 176
18 77 158
18 78 138
18 79 156
18 80 314
18 81 296
18 82 276
18 83 258
18 84 238
18 85 220
18 86 200
18 87 182
18 88 162
18 89 180
18 90 336
18 91 318
18 92 298
18 93 280
18 94 260
18 95 242
18 96 222
18 97 204
18 98 184
18 99 202
19 0 192
19 1 174
19 2 154
19 3 136
19 4 116
19 5 98
19 6 78
19 7 60
19 8 40
19 9 22
19 10 170
19 11 152
19 12 132
19 13 114
19 14 94
19 15 76
19 16 56
19 17 38
19 18 18
19 19 0
19 20 194
19 21 176
19 22 156
19 23 138
19 24 118
19 25 100
19 26 80
19 27 62
19 28 42
19 29 24
19 30 216
19 31 198
19 32 178
19 33 160
19 34 140
19 35 122
19 36 102
19 37 84
19 38 64
19 39 46
19 40 240
19 41 222
19 42 202
19 43 184
19 44 164
19 45 146
19 46 126
19 47 108
19 48 88
19 49 70
19 50 262
19 51 244
19 52 224
19 53 206
19 54 186
19 55 168
19 56 148
19 57 130
19 58 110
19 59 92
19 60 286
19 61 268
19 62 248
19 63 230
19 64 210
19 65 192
19 66 172
19 67 154
19 68 134
19 69 116
19 70 308
19 71 290
19 72 270
19 73 252
19 74 232
19 75 214
19 76 194
19 77 176
19 78 156
19 79 138
19 80 332
19 81 314
19 82 294
19 83 276
19 84 256
19 85 238
19 86 218
19 87 200
19 88 180
19 89 162
19 90 354
19 91 336
19 92 316
19 93 298
19 94 278
19 95 260
19 96 240
19 97 222
19 98 202
19 99 184
20 0 46
20 1 64
20 2 84
20 3 102
20 4 122
20 5 140
20 6 160
20 7 178
20 8 198
20 9 216
20 10 24
20 11 42
20 12 62
20 13 80
20 14 100
20 15 118
20 16 138
20 17 156
20 18 176
20 19 194
20 20 0
20 21 18
20 22 38
20 23 56
20 24 76
20 25 94
20 26 114
20 27 132
20 28 152
20 29 170
20 30 22
20 31 40
20 32 60
20 33 78
20 34 98
20 35 116
20 36 136
20 37 154
20 38 174
20 39 192
20 40 46
20 41 64
20 42 84
20 43 102
20 44 122
20 45 140
20 46 160
20 47 178
20 48 198
20 49 216
20 50 68
20 51 86
20 52 106
20 53 124
20 54 144
20 55 162
20 56 182
20 57 200
20 58 220
20 59 238
20 60 92
20 61 110
20 62 130
20 63 148
20 64 168
20 65 186
20 66 206
20 67 224
20 68 244
20 69 262
20 70 114
20 71 132
20 72 152
20 73 170
20 74 190
20 75 208
20 76 228
20 77 246
20 78 266
20 79 284
20 80 138
20 81 156
20 82 176
20 83 194
20 84 214
20 85 232
20 86 252
20 87 270
20 88 290
20 89 308
20 90 160
20 91 178
20 92 198
20 93 216
20 94 236
20 95 254
20 96 274
20 97 292
20 98 312
20 99 330
21 0 64
21 1 46
21 2 66
21 3 84
21 4 104
21 5 122
21 6 142
21 7 160
21 8 180
21 9 198
21 10 42
21 11 24
21 12 44
21 13 62
21 14 82
21 15 100
21 16 120
21 17 138
21 18 158
21 19 176
21 20 18
21 21 0
21 22 20
21 23 38
21 24 58
21 25 76
21 26 96
21 27 114
21 28 134
21 29 152
21 30 40
21 31 22
21 32 42
21 33 60
21 34 80
21 35 98
21 36 118
21 37 136
21 38 156
21 39 174
21 40 64
21 41 46
21 42 66
21 43 84
21 44 104
21 45 122
21 46 142
21 47 160
21 48 180
21 49 198
21 50 86
21 51 68
21 52 88
21 53 106
21 54 126
21 55 144
21 56 164
21 57 182
21 58 202
21 59 220
21 60 110
21 61 92
21 62 112
21 63 130
21 64 150
21 65 168
21 66 188
21 67 206
21 68 226
21 69 244
21 70 132
21 71 114
21 72 134
21 73 152
21 74 172
21 75 190
21 76 210
21 77 228
21 78 248
21 79 266
21 80 156
21 81 138
21 82 158
21 83 176
21 84 196
21 85 214
21 86 234
21 87 252
21 88 272
21 89 290
21 90 178
21 91 160
21 92 180
21 93 198
21 94 218
21 95 236
21 96 256
21 97 274
21 98 294
21 99 312
22 0 84
22 1 66
22 2 46
22 3 64
22 4 84
22 5 102
22 6 122
22 7 140
22 8 160
22 9 178
22 10 62
22 11 44
22 12 24
22 13 42
22 14 62
22 15 80
22 16 100
22 17 118
22 18 138
22 19 156
22 20 38
22 21 20
22 22 0
22 23 18
22 24 38
22 25 56
22 26 76
22 27 94
22 28 114
22 29 132
22 30 60
22 31 42
22 32 22
22 33 40
22 34 60
22 35 78
22 36 98
22 37 116
22 38 136
22 39 154
22 40 84
22 41 66
22 42 46
22 43 64
22 44 84
22 45 102
22 46 122
22 47 140
22 48 160
22 49 178
22 50 106
22 51 88
22 52 68
22 53 86
22 54 106
22 55 124
22 56 144
22 57 162
22 58 182
22 59 200
22 60 130
22 61 112
22 62 92
22 63 110
22 64 130
22 65 148
22 66 168
22 67 186
22 68 206
22 69 224
22 70 152
22 71 134
22 72 114
22 73 132
22 74 152
22 75 170
22 76 190
22 77 208
22 78 228
22 79 246
22 80 176
22 81 158
22 82 138
22 83 156
22 84 176
22 85 194
22 86 214
22 87 232
22 88 252
22 89 270
22 90 198
22 91 180
22 92 160
22 93 178
22 94 198
22 95 216
22 96 236
22 97 254
22 98 274
22 99 292
23 0 102
23 1 84
23 2 64
23 3 46
23 4 66
23 5 84
23 6 104
23 7 122
23 8 142
23 9 160
23 10 80
23 11 62
23 12 42
23 13 24
23 14 44
23 15 62
23 16 82
23 17 100
23 18 120
23 19 138
23 20 56
23 21 38
23 22 18
23 23 0
23 24 20
23 25 38
23 26 58
23 27 76
23 28 96
23 29 114
23 30 78
23 31 60
23 32 40
23 33 22
23 34 42
23 35 60
23 36 80
23 37 98
23 38 118
23 39 136
23 40 102
23 41 84
23 42 64
23 43 46
23 44 66
23 45 84
23 46 104
23 47 122
23 48 142
23 49 160
23 50 124
23 51 106
23 52 86
23 53 68
23 54 88
23 55 106
23 56 126
23 57 144
23 58 164
23 59 182
23 60 148
23 61 130
23 62 110
23 63 92
23 64 112
23 65 130
23 66 150
23 67 168
23 68 188
23 69 206
23 70 170
23 71 152
23 72 132
23 73 114
23 74 134
23 75 152
23 76 172
23 77 190
23 78 210
23 79 228
23 80 194
23 81 176
23 82 156
23 83 138
23 84 158
23 85 176
23 86 196
23 87 214
23 88 234
23 89 252
23 90 216
23 91 198
23 92 178
23 93 160
23 94 180
23 95 198
23 96 218
23 97 236
23 98 256
23 99 274
24 0 122
24 1 104
24 2 84
24 3 66
24 4 46
24 5 64
24 6 84
24 7 102
24 8 122
24 9 140
24 10 100
24 11 82
24 12 62
24 13 44
24 14 24
24 15 42
24 16 62
24 17 80
24 18 100
24 19 118
24 20 76
24 21 58
24 22 38
24 23 20
24 24 0
24 25 18
24 26 38
24 27 56
24 28 76
24 29 94
24 30 98
24 31 80
24 32 60
24 33 42
24 34 22
24 35 40
24 36 60
24 37 78
24 38 98
24 39 116
24 40 122
24 41 104
24 42 84
24 43 66
24 44 46
24 45 64
24 46 84
24 47 102
24 48 122
24 49 140
24 50 144
24 51 126
24 52 106
24 53 88
24 54 68
24 55 86
24 56 106
24 57 124
24 58 144
24 59 162
24 60 168
24 61 150
24 62 130
24 63 112
24 64 92
24 65 110
24 66 130
24 67 148
24 68 168
24 69 186
24 70 190
24 71 172
24 72 152
24 73 134
24 74 114
24 75 132
24 76 152
24 77 170
24 78 190
24 79 208
24 80 214
24 81 196
24 82 176
24 83 158
24 84 138
24 85 156
24 86 176
24 87 194
24 88 214
24 89 232
24 90 236
24 91 218
24 92 198
24 93 180
24 94 160
24 95 178
24 96 198
24 97 216
24 98 236
24 99 254
25 0 140
25 1 122
25 2 102
25 3 84
25 4 64
25 5 46
25 6 66
25 7 84
25 8 104
25 9 122
25 10 118
25 11 100
25 12 80
25 13 62
25 14 42
25 15 24
25 16 44
25 17 62
25 18 82
25 19 100
25 20 94
25 21 76
25 22 56
25 23 38
25 24 18
25 25 0
25 26 20
25 27 38
25 28 58
25 29 76
25 30 116
25 31 98
25 32 78
25 33 60
25 34 40
25 35 22
25 36 42
25 37 60
25 38 80
25 39 98
25 40 140
25 41 122
25 42 102
25 43 84
25 44 64
25 45 46
25 46 66
25 47 84
25 48 104
25 49 122
25 50 162
25 51 144
25 52 124
25 53 106
25 54 86
25 55 68
25 56 88
25 57 106
25 58 126
25 59 144
25 60 186
25 61 168
25 62 148
25 63 130
25 64 110
25 65 92
25 66 112
25 67 130
25 68 150
25 69 168
25 70 208
25 71 190
25 72 170
25 73 152
25 74 132
25 75 114
25 76 134
25 77 152
25 78 172
25 79 190
25 80 232
25 81 214
25 82 194
25 83 176
25 84 156
25 85 138
25 86 158
25 87 176
25 88 196
25 89 214
25 90 254
25 91 236
25 92 216
25 93 198
25 94 178
25 95 160
25 96 180
25 97 198
25 98 218
25 99 236
26 0 160
26 1 142
26 2 122
26 3 104
26 4 84
26 5 66
26 6 46
26 7 64
26 8 84
26 9 102
26 10 138
26 11 120
26 12 100
26 13 82
26 14 62
26 15 44
26 16 24
26 17 42
26 18 62
26 19 80
26 20 114
26 21 96
26 22 76
26 23 58
26 24 38
26 25 20
26 26 0
26 27 18
26 28 38
26 29 56
26 30 136
26 31 118
26 32 98
26 33 80
26 34 60
26 35 42
26 36 22
26 37 40
26 38 60
26 39 78
26 40 160
26 41 142
26 42 122
26 43 104
26 44 84
26 45 66
26 46 46
26 47 64
26 48 84
26 49 102
26 50 182
26 51 164
26 52 144
26 53 126
26 54 106
26 55 88
26 56 68
26 57 86
26 58 106
26 59 124
26 60 206
26 61 188
26 62 168
26 63 150
26 64 130
26 65 112
26 66 92
26 67 110
26 68 130
26 69 148
26 70 228
26 71 210
26 72 190
26 73 172
26 74 152
26 75 134
26 76 114
26 77 132
26 78 152
26 79 170
26 80 252
26 81 234
26 82 214
26 83 196
26 84 176
26 85 158
26 86 138
26 87 156
26 88 176
26 89 194
26 90 274
26 91 256
26 92 236
26 93 218
26 94 198
26 95 180
26 96 160
26 97 178
26 98 198
26 99 216
27 0 178
27 1 160
27 2 140
27 3 122
27 4 102
27 5 84
27 6 64
27 7 46
27 8 66
27 9 84
27 10 156
27 11 138
27 12 118
27 13 100
27 14 80
27 15 62
27 16 42
27 17 24
27 18 44
27 19 62
27 20 132
27 21 114
27 22 94
27 23 76
27 24 56
27 25 38
27 26 18
27 27 0
27 28 20
27 29 38
27 30 154
27 31 136
27 32 116
27 33 98
27 34 78
27 35 60
27 36 40
27 37 22
27 38 42
27 39 60
27 40 178
27 41 160
27 42 140
27 43 122
27 44 102
27 45 84
27 46 64
27 47 46
27 48 66
27 49 84
27 50 200
27 51 182
27 52 162
27 53 144
27 54 124
27 55 106
27 56 86
27 57 68
27 58 88
27 59 106
27 60 224
27 61 206
27 62 186
27 63 168
27 64 148
27 65 130
27 66 110
27 67 92
27 68 112
27 69 130
27 70 246
27 71 228
27 72 208
27 73 190
27 74 170
27 75 152
27 76 132
27 77 114
27 78 134
27 79 152
27 80 270
27 81 252
27 82 232
27 83 214
27 84 194
27 85 176
27 86 156
27 87 138
27 88 158
27 89 176
27 90 292
27 91 274
27 92 254
27 93 236
27 94 216
27 95 198
27 96 178
27 97 160
27 98 180
27 99 198
28 0 198
28 1 180
28 2 160
28 3 142
28 4 122
28 5 104
28 6 84
28 7 66
28 8 46
28 9 64
28 10 176
28 11 158
28 12 138
28 13 120
28 14 100
28 15 82
28 16 62
28 17 44
28 18 24
28 19 42
28 20 152
28 21 134
28 22 114
28 23 96
28 24 76
28 25 58
28 26 38
28 27 20
28 28 0
28 29 18
28 30 174
28 31 156
28 32 136
28 33 118
28 34 98
28 35 80
28 36 60
28 37 42
28 38 22
28 39 40
28 40 198
28 41 180
28 42 160
28 43 142
28 44 122
28 45 104
28 46 84
28 47 66
28 48 46
28 49 64
28 50 220
28 51 202
28 52 182
28 53 164
28 54 144
28 55 126
28 56 106
28 57 88
28 58 68
28 59 86
28 60 244
28 61 226
28 62 206
28 63 188
28 64 168
28 65 150
28 66 130
28 67 112
28 68 92
28 69 110
28 70 266
28 71 248
28 72 228
28 73 210
28 74 190
28 75 172
28 76 152
28 77 134
28 78 114
28 79 132
28 80 290
28 81 272
28 82 252
28 83 234
28 84 214
28 85 196
28 86 176
28 87 158
28 88 138
28 89 156
28 90 312
28 91 294
28 92 274
28 93 256
28 94 236
28 95 218
28 96 198
28 97 180
28 98 160
28 99 178
29 0 216
29 1 198
29 2 178
29 3 160
29 4 140
29 5 122
29 6 102
29 7 84
29 8 64
29 9 46
29 10 194
29 11 176
29 12 156
29 13 138
29 14 118
29 15 100
29 16 80
29 17 62
29 18 42
29 19 24
29 20 170
29 21 152
29 22 132
29 23 114
29 24 94
29 25 76
29 26 56
29 27 38
29 28 18
29 29 0
29 30 192
29 31 174
29 32 154
29 33 136
29 34 116
29 35 98
29 36 78
29 37 60
29 38 40
29 39 22
29 40 216
29 41 198
29 42 178
29 43 160
29 44 140
29 45 122
29 46 102
29 47 84
29 48 64
29 49 46
29 50 238
29 51 220
29 52 200
29 53 182
29 54 162
29 55 144
29 56 124
29 57 106
29 58 86
29 59 68
29 60 262
29 61 244
29 62 224
29 63 206
29 64 186
29 65 168
29 66 148
29 67 130
29 68 110
29 69 92
29 70 284
29 71 266
29 72 246
29 73 228
29 74 208
29 75 190
29 76 170
29 77 152
29 78 132
29 79 114
29 80 308
29 81 290
29 82 270
29 83 252
29 84 232
29 85 214
29 86 194
29 87 176
29 88 156
29 89 138
29 90 330
29 91 312
29 92 292
29 93 274
29 94 254
29 95 236
29 96 216
29 97 198
29 98 178
29 99 160
30 0 68
30 1 86
30 2 106
30 3 124
30 4 144
30 5 162
30 6 182
30 7 200
30 8 220
30 9 238
30 10 46
30 11 64
30 12 84
30 13 102
30 14 122
30 15 140
30 16 160
30 17 178
30 18 198
30 19 216
30 20 22
30 21 40
30 22 60
30 23 78
30 24 98
30 25 116
30 26 136
30 27 154
30 28 174
30 29 192
30 30 0
30 31 18
30 32 38
30 33 56
30 34 76
30 35 94
30 36 114
30 37 132
30 38 152
30 39 170
30 40 24
30 41 42
30 42 62
30 43 80
30 44 100
30 45 118
30 46 138
30 47 156
30 48 176
30 49 194
30 50 46
30 51 64
30 52 84
30 53 102
30 54 122
30 55 140
30 56 160
30 57 178
30 58 198
30 59 216
30 60 70
30 61 88
30 62 108
30 63 126
30 64 146
30 65 164
30 66 184
30 67 202
30 68 222
30 69 240
30 70 92
30 71 110
30 72 130
30 73 148
30 74 168
30 75 186
30 76 206
30 77 224
30 78 244
30 79 262
30 80 116
30 81 134
30 82 154
30 83 172
30 84 192
30 85 210
30 86 230
30 87 248
30 88 268
30 89 286
30 90 138
30 91 156
30 92 176
30 93 194
30 94 214
30 95 232
30 96 252
30 97 270
30 98 290
30 99 308
31 0 86
31 1 68
31 2 88
31 3 106
31 4 126
31 5 144
31 6 164
31 7 182
31 8 202
31 9 220
31 10 64
31 11 46
31 12 66
31 13 84
31 14 104
31 15 122
31 16 142
31 17 160
31 18 180
31 19 198
31 20 40
31 21 22
31 22 42
31 23 60
31 24 80
31 25 98
31 26 118
31 27 136
31 28 156
31 29 174
31 30 18
31 31 0
31 32 20
31 33 38
31 34 58
31 35 76
31 36 96
31 37 114
31 38 134
31 39 152
31 40 42
31 41 24
31 42 44
31 43 62
31 44 82
31 45 100
31 46 120
31 47 138
31 48 158
31 49 176
31 50 64
31 51 46
31 52 66
31 53 84
31 54 104
31 55 122
31 56 142
31 57 160
31 58 180
31 59 198
31 60 88
31 61 70
31 62 90
31 63 108
31 64 128
31 65 146
31 66 166
31 67 184
31 68 204
31 69 222
31 70 110
31 71 92
31 72 112
31 73 130
31 74 150
31 75 168
31 76 188
31 77 206
31 78 226
31 79 244
31 80 134
31 81 116
31 82 136
31 83 154
31 84 174
31 85 192
31 86 212
31 87 230
31 88 250
31 89 268
31 90 156
31 91 138
31 92 158
31 93 176
31 94 196
31 95 214
31 96 234
31 97 252
31 98 272
31 99 290
32 0 106
32 1 88
32 2 68
32 3 86
32 4 106
32 5 124
32 6 144
32 7 162
32 8 182
32 9 200
32 10 84
32 11 66
32 12 46
32 13 64
32 14 84
32 15 102
32 16 122
32 17 140
32 18 160
32 19 178
32 20 60
32 21 42
32 22 22
32 23 40
32 24 60
32 25 78
32 26 98
32 27 116
32 28 136
32 29 154
32 30 38
32 31 20
32 32 0
32 33 18
32 34 38
32 35 56
32 36 76
32 37 94
32 38 114
32 39 132
32 40 62
32 41 44
32 42 24
32 43 42
32 44 62
32 45 80
32 46 100
32 47 118
32 48 138
32 49 156
32 50 84
32 51 66
32 52 46
32 53 64
32 54 84
32 55 102
32 56 122
32 57 140
32 58 160
32 59 178
32 60 108
32 61 90
32 62 70
32 63 88
32 64 108
32 65 126
32 66 146
32 67 164
32 68 184
32 69 202
32 70 130
32 71 112
32 72 92
32 73 110
32 74 130
32 75 148
32 76 168
32 77 186
32 78 206
32 79 224
32 80 154
32 81 136
32 82 116
32 83 134
32 84 154
32 85 172
32 86 192
32 87 210
32 88 230
32 89 248
32 90 176
32 91 158
32 92 138
32 93 156
32 94 176
32 95 194
32 96 214
32 97 232
32 98 252
32 99 270
33 0 124
33 1 106
33 2 86
33 3 68
33 4 88
33 5 106
33 6 126
33 7 144
33 8 164
33 9 182
33 10 102
33 11 84
33 12 64
33 13 46
33 14 66
33 15 84
33 16 104
33 17 122
33 18 142
33 19 160
33 20 78
33 21 60
33 22 40
33 23 22
33 24 42
33 25 60
33 26 80
33 27 98
33 28 118
33 29 136
33 30 56
33 31 38
33 32 18
33 33 0
33 34 20
33 35 38
33 36 58
33 37 76
33 38 96
33 39 114
33 40 80
33 41 62
33 42 42
33 43 24
33 44 44
33 45 62
33 46 82
33 47 100
33 48 120
33 49 138
33 50 102
33 51 84
33 52 64
33 53 46
33 54 66
33 55 84
33 56 104
33 57 122
33 58 142
33 59 160
33 60 126
33 61 108
33 62 88
33 63 70
33 64 90
33 65 108
33 66 128
33 67 146
33 68 166
33 69 184
33 70 148
33 71 130
33 72 110
33 73 92
33 74 112
33 75 130
33 76 150
33 77 168
33 78 188
33 79 206
33 80 172
33 81 154
33 82 134
33 83 116
33 84 136
33 85 154
33 86 174
33 87 192
33 88 212
33 89 230
33 90 194
33 91 176
33 92 156
33 93 138
33 94 158
33 95 176
33 96 196
33 97 214
33 98 234
33 99 252
34 0 144
34 1 126
34 2 106
34 3 88
34 4 68
34 5 86
34 6 106
34 7 124
34 8 144
34 9 162
34 10 122
34 11 104
34 12 84
34 13 66
34 14 46
34 15 64
34 16 84
34 17 102
34 18 122
34 19 140
34 20 98
34 21 80
34 22 60
34 23 42
34 24 22
34 25 40
34 26 60
34 27 78
34 28 98
34 29 116
34 30 76
34 31 58
34 32 38
34 33 20
34 34 0
34 35 18
34 36 38
34 37 56
34 38 76
34 39 94
34 40 100
34 41 82
34 42 62
34 43 44
34 44 24
34 45 42
34 46 62
34 47 80
34 48 100
34 49 118
34 50 122
34 51 104
34 52 84
34 53 66
34 54 46
34 55 64
34 56 84
34 57 102
34 58 122
34 59 140
34 60 146
34 61 128
34 62 108
34 63 90
34 64 70
34 65 88
34 66 108
34 67 126
34 68 146
34 69 164
34 70 168
34 71 150
34 72 130
34 73 112
34 74 92
34 75 110
34 76 130
34 77 148
34 78 168
34 79 186
34 80 192
34 81 174
34 82 154
34 83 136
34 84 116
34 85 134
34 86 154
34 87 172
34 88 192
34 89 210
34 90 214
34 91 196
34 92 176
34 93 158
34 94 138
34 95 156
34 96 176
34 97 194
34 98 214
34 99 232
35 0 162
35 1 144
35 2 124
35 3 106
35 4 86
35 5 68
35 6 88
35 7 106
35 8 126
35 9 144
35 10 140
35 11 122
35 12 102
35 13 84
35 14 64
35 15 46
35 16 66
35 17 84
35 18 104
35 19 122
35 20 116
35 21 98
35 22 78
35 23 60
35 24 40
35 25 22
35 26 42
35 27 60
35 28 80
35 29 98
35 30 94
35 31 76
35 32 56
35 33 38
35 34 18
35 35 0
35 36 20
35 37 38
35 38 58
35 39 76
35 40 118
35 41 100
35 42 80
35 43 62
35 44 42
35 45 24
35 46 44
35 47 62
35 48 82
35 49 100
35 50 140
35 51 122
35 52 102
35 53 84
35 54 64
35 55 46
35 56 66
35 57 84
35 58 104
35 59 122
35 60 164
35 61 146
35 62 126
35 63 108
35 64 88
35 65 70
35 66 90
35 67 108
35 68 128
35 69 146
35 70 186
35 71 168
35 72 148
35 73 130
35 74 110
35 75 92
35 76 112
35 77 130
35 78 150
35 79 168
35 80 210
35 81 192
35 82 172
35 83 154
35 84 134
35 85 116
35 86 136
35 87 154
35 88 174
35 89 192
35 90 232
35 91 214
35 92 194
35 93 176
35 94 156
35 95 138
35 96 158
35 97 176
35 98 196
35 99 214
36 0 182
36 1 164
36 2 144
36 3 126
36 4 106
36 5 88
36 6 68
36 7 86
36 8 106
36 9 124
36 10 160
36 11 142
36 12 122
36 13 104
36 14 84
36 15 66
36 16 46
36 17 64
36 18 84
36 19 102
36 20 136
36 21 118
36 22 98
36 23 80
36 24 60
36 25 42
36 26 22
36 27 40
36 28 60
36 29 78
36 30 114
36 31 96
36 32 76
36 33 58
36 34 38
36 35 20
36 36 0
36 37 18
36 38 38
36 39 56
36 40 138
36 41 120
36 42 100
36 43 82
36 44 62
36 45 44
36 46 24
36 47 42
36 48 62
36 49 80
36 50 160
36 51 142
36 52 122
36 53 104
36 54 84
36 55 66
36 56 46
36 57 64
36 58 84
36 59 102
36 60 184
36 61 166
36 62 146
36 63 128
36 64 108
36 65 90
36 66 70
36 67 88
36 68 108
36 69 126
36 70 206
36 71 188
36 72 168
36 73 150
36 74 130
36 75 112
36 76 92
36 77 110
36 78 130
36 79 148
36 80 230
36 81 212
36 82 192
36 83 174
36 84 154
36 85 136
36 86 116
36 87 134
36 88 154
36 89 172
36 90 252
36 91 234
36 92 214
36 93 196
36 94 176
36 95 158
36 96 138
36 97 156
36 98 176
36 99 194
37 0 200
37 1 182
37 2 162
37 3 144
37 4 124
37 5 106
37 6 86
37 7 68
37 8 88
37 9 106
37 10 178
37 11 160
37 12 140
37 13 122
37 14 102
37 15 84
37 16 64
37 17 46
37 18 66
37 19 84
37 20 154
37 21 136
37 22 116
37 23 98
37 24 78
37 25 60
37 26 40
37 27 22
37 28 42
37 29 60
37 30 132
37 31 114
37 32 94
37 33 76
37 34 56
37 35 38
37 36 18
37 37 0
37 38 20
37 39 38
37 40 156
37 41 138
37 42 118
37 43 100
37 44 80
37 45 62
37 46 42
37 47 24
37 48 44
37 49 62
37 50 178
37 51 160
37 52 140
37 53 122
37 54 102
37 55 84
37 56 64
37 57 46
37 58 66
37 59 84
37 60 202
37 61 184
37 62 164
37 63 146
37 64 126
37 65 108
37 66 88
37 67 70
37 68 90
37 69 108
37 70 224
37 71 206
37 72 186
37 73 168
37 74 148
37 75 130
37 76 110
37 77 92
37 78 112
37 79 130
37 80 248
37 81 230
37 82 210
37 83 192
37 84 172
37 85 154
37 86 134
37 87 116
37 88 136
37 89 154
37 90 270
37 91 252
37 92 232
37 93 214
37 94 194
37 95 176
37 96 156
37 97 138
37 98 158
37 99 176
38 0 220
38 1 202
38 2 182
38 3 164
38 4 144
38 5 126
38 6 106
38 7 88
38 8 68
38 9 86
38 10 198
38 11 180
38 12 160
38 13 142
38 14 122
38 15 104
38 16 84
38 17 66
38 18 46
38 19 64
38 20 174
38 21 156
38 22 136
38 23 118
38 24 98
38 25 80
38 26 60
38 27 42
38 28 22
38 29 40
38 30 152
38 31 134
38 32 114
38 33 96
38 34 76
38 35 58
38 36 38
38 37 20
38 38 0
38 39 18
38 40 176
38 41 158
38 42 138
38 43 120
38 44 100
38 45 82
38 46 62
38 47 44
38 48 24
38 49 42
38 50 198
38 51 180
38 52 160
38 53 142
38 54 122
38 55 104
38 56 84
38 57 66
38 58 46
38 59 64
38 60 222
38 61 204
38 62 184
38 63 166
38 64 146
38 65 128
38 66 108
38 67 90
38 68 70
38 69 88
38 70 244
38 71 226
38 72 206
38 73 188
38 74 168
38 75 150
38 76 130
38 77 112
38 78 92
38 79 110
38 80 268
38 81 250
38 82 230
38 83 212
38 84 192
38 85 174
38 86 154
38 87 136
38 88 116
38 89 134
38 90 290
38 91 272
38 92 252
38 93 234
38 94 214
38 95 196
38 96 176
38 97 158
38 98 138
38 99 156
39 0 238
39 1 220
39 2 200
39 3 182
39 4 162
39 5 144
39 6 124
39 7 106
39 8 86
39 9 68
39 10 216
39 11 198
39 12 178
39 13 160
39 14 140
39 15 122
39 16 102
39 17 84
39 18 64
39 19 46
39 20 192
39 21 174
39 22 154
39 23 136
39 24 116
39 25 98
39 26 78
39 27 60
39 28 40
39 29 22
39 30 170
39 31 152
39 32 132
39 33 114
39 34 94
39 35 76
39 36 56
39 37 38
39 38 18
39 39 0
39 40 194
39 41 176
39 42 156
39 43 138
39 44 118
39 45 100
39 46 80
39 47 62
39 48 42
39 49 24
39 50 216
39 51 198
39 52 178
39 53 160
39 54 140
39 55 122
39 56 102
39 57 84
39 58 64
39 59 46
39 60 240
39 61 222
39 62 202
39 63 184
39 64 164
39 65 146
39 66 126
39 67 108
39 68 88
39 69 70
39 70 262
39 71 244
39 72 224
39 73 206
39 74 186
39 75 168
39 76 148
39 77 130
39 78 110
39 79 92
39 80 286
39 81 268
39 82 248
39 83 230
39 84 210
39 85 192
39 86 172
39 87 154
39 88 134
39 89 116
39 90 308
39 91 290
39 92 270
39 93 252
39 94 232
39 95 214
39 96 194
39 97 176
39 98 156
39 99 138
40 0 92
40 1 110
40 2 130
40 3 148
40 4 168
40 5 186
40 6 206
40 7 224
40 8 244
40 9 262
40 10 70
40 11 88
40 12 108
40 13 126
40 14 146
40 15 164
40 16 184
40 17 202
40 18 222
40 19 240
40 20 46
40 21 64
40 22 84
40 23 102
40 24 122
40 25 140
40 26 160
40 27 178
40 28 198
40 29 216
40 30 24
40 31 42
40 32 62
40 33 80
40 34 100
40 35 118
40 36 138
40 37 156
40 38 176
40 39 194
40 40 0
40 41 18
40 42 38
40 43 56
40 44 76
40 45 94
40 46 114
40 47 132
40 48 152
40 49 170
40 50 22
40 51 40
40 52 60
40 53 78
40 54 98
40 55 116
40 56 136
40 57 154
40 58 174
40 59 192
40 60 46
40 61 64
40 62 84
40 63 102
40 64 122
40 65 140
40 66 160
40 67 178
40 68 198
40 69 216
40 70 68
40 71 86
40 72 106
40 73 124
40 74 144
40 75 162
40 76 182
40 77 200
40 78 220
40 79 238
40 80 92
40 81 110
40 82 130
40 83 148
40 84 168
40 85 186
40 86 206
40 87 224
40 88 244
40 89 262
40 90 114
40 91 132
40 92 152
40 93 170
40 94 190
40 95 208
40 96 228
40 97 246
40 98 266
40 99 284
41 0 110
41 1 92
41 2 112
41 3 130
41 4 150
41 5 168
41 6 188
41 7 206
41 8 226
41 9 244
41 10 88
41 11 70
41 12 90
41 13 108
41 14 128
41 15 146
41 16 166
41 17 184
41 18 204
41 19 222
41 20 64
41 21 46
41 22 66
41 23 84
41 24 104
41 25 122
41 26 142
41 27 160
41 28 180
41 29 198
41 30 42
41 31 24
41 32 44
41 33 62
41 34 82
41 35 100
41 36 120
41 37 138
41 38 158
41 39 176
41 40 18
41 41 0
41 42 20
41 43 38
41 44 58
41 45 76
41 46 96
41 47 114
41 48 134
41 49 152
41 50 40
41 51 22
41 52 42
41 53 60
41 54 80
41 55 98
41 56 118
41 57 136
41 58 156
41 59 174
41 60 64
41 61 46
41 62 66
41 63 84
41 64 104
41 65 122
41 66 142
41 67 160
41 68 180
41 69 198
41 70 86
41 71 68
41 72 88
41 73 106
41 74 126
41 75 144
41 76 164
41 77 182
41 78 202
41 79 220
41 80 110
41 81 92
41 82 112
41 83 130
41 84 150
41 85 168
41 86 188
41 87 206
41 88 226
41 89 244
41 90 132
41 91 114
41 92 134
41 93 152
41 94 172
41 95 190
41 96 210
41 97 228
41 98 248
41 99 266
42 0 130
42 1 112
42 2 92
42 3 110
42 4 130
42 5 148
42 6 168
42 7 186
42 8 206
42 9 224
42 10 108
42 11 90
42 12 70
42 13 88
42 14 108
42 15 126
42 16 146
42 17 164
42 18 184
42 19 202
42 20 84
42 21 66
42 22 46
42 23 64
42 24 84
42 25 102
42 26 122
42 27 140
42 28 160
42 29 178
42 30 62
42 31 44
42 32 24
42 33 42
42 34 62
42 35 80
42 36 100
42 37 118
42 38 138
42 39 156
42 40 38
42 41 20
42 42 0
42 43 18
42 44 38
42 45 56
42 46 76
42 47 94
42 48 114
42 49 132
42 50 60
42 51 42
42 52 22
42 53 40
42 54 60
42 55 78
42 56 98
42 57 116
42 58 136
42 59 154
42 60 84
42 61 66
42 62 46
42 63 64
42 64 84
42 65 102
42 66 122
42 67 140
42 68 160
42 69 178
42 70 106
42 71 88
42 72 68
42 73 86
42 74 106
42 75 124
42 76 144
42 77 162
42 78 182
42 79 200
42 80 130
42 81 112
42 82 92
42 83 110
42 84 130
42 85 148
42 86 168
42 87 186
42 88 206
42 89 224
42 90 152
42 91 134
42 92 114
42 93 132
42 94 152
42 95 170
42 96 190
42 97 208
42 98 228
42 99 246
43 0 148
43 1 130
43 2 110
43 3 92
43 4 112
43 5 130
43 6 150
43 7 168
43 8 188
43 9 206
43 10 126
43 11 108
43 12 88
43 13 70
43 14 90
43 15 108
43 16 128
43 17 146
43 18 166
43 19 184
43 20 102
43 21 84
43 22 64
43 23 46
43 24 66
43 25 84
43 26 104
43 27 122
43 28 142
43 29 160
43 30 80
43 31 62
43 32 42
43 33 24
43 34 44
43 35 62
43 36 82
43 37 100
43 38 120
43 39 138
43 40 56
43 41 38
43 42 18
43 43 0
43 44 20
43 45 38
43 46 58
43 47 76
43 48 96
43 49 114
43 50 78
43 51 60
43 52 40
43 53 22
43 54 42
43 55 60
43 56 80
43 57 98
43 58 118
43 59 136
43 60 102
43 61 84
43 62 64
43 63 46
43 64 66
43 65 84
43 66 104
43 67 122
43 68 142
43 69 160
43 70 124
43 71 106
43 72 86
43 73 68
43 74 88
43 75 106
43 76 126
43 77 144
43 78 164
43 79 182
43 80 148
43 81 130
43 82 110
43 83 92
43 84 112
43 85 130
43 86 150
43 87 168
43 88 188
43 89 206
43 90 170
43 91 152
43 92 132
43 93 114
43 94 134
43 95 152
43 96 172
43 97 190
43 98 210
43 99 228
44 0 168
44 1 150
44 2 130
44 3 112
44 4 92
44 5 110
44 6 130
44 7 148
44 8 168
44 9 186
44 10 146
44 11 128
44 12 108
44 13 90
44 14 70
44 15 88
44 16 108
44 17 126
44 18 146
44 19 164
44 20 122
44 21 104
44 22 84
44 23 66
44 24 46
44 25 64
44 26 84
44 27 102
44 28 122
44 29 140
44 30 100
44 31 82
44 32 62
44 33 44
44 34 24
44 35 42
44 36 62
44 37 80
44 38 100
44 39 118
44 40 76
44 41 58
44 42 38
44 43 20
44 44 0
44 45 18
44 46 38
44 47 56
44 48 76
44 49 94
44 50 98
44 51 80
44 52 60
44 53 42
44 54 22
44 55 40
44 56 60
44 57 78
44 58 98
44 59 116
44 60 122
44 61 104
44 62 84
44 63 66
44 64 46
44 65 64
44 66 84
44 67 102
44 68 122
44 69 140
44 70 144
44 71 126
44 72 106
44 73 88
44 74 68
44 75 86
44 76 106
44 77 124
44 78 144
44 79 162
44 80 168
44 81 150
44 82 130
44 83 112
44 84 92
44 85 110
44 86 130
44 87 148
44 88 168
44 89 186
44 90 190
44 91 172
44 92 152
44 93 134
44 94 114
44 95 132
44 96 152
44 97 170
44 98 190
44 99 208
45 0 186
45 1 168
45 2 148
45 3 130
45 4 110
45 5 92
45 6 112
45 7 130
45 8 150
45 9 168
45 10 164
45 11 146
45 12 126
45 13 108
45 14 88
45 15 70
45 16 90
45 17 108
45 18 128
45 19 146
45 20 140
45 21 122
45 22 102
45 23 84
45 24 64
45 25 46
45 26 66
45 27 84
45 28 104
45 29 122
45 30 118
45 31 100
45 32 80
45 33 62
45 34 42
45 35 24
45 36 44
45 37 62
45 38 82
45 39 100
45 40 94
45 41 76
45 42 56
45 43 38
45 44 18
45 45 0
45 46 20
45 47 38
45 48 58
45 49 76
45 50 116
45 51 98
45 52 78
45 53 60
45 54 40
45 55 22
45 56 42
45 57 60
45 58 80
45 59 98
45 60 140
45 61 122
45 62 102
45 63 84
45 64 64
45 65 46
45 66 66
45 67 84
45 68 104
45 69 122
45 70 162
45 71 144
45 72 124
45 73 106
45 74 86
45 75 68
45 76 88
45 77 106
45 78 126
45 79 144
45 80 186
45 81 168
45 82 148
45 83 130
45 84 110
45 85 92
45 86 112
45 87 130
45 88 150
45 89 168
45 90 208
45 91 190
45 92 170
45 93 152
45 94 132
45 95 114
45 96 134
45 97 152
45 98 172
45 99 190
46 0 206
46 1 188
46 2 168
46 3 150
46 4 130
46 5 112
46 6 92
46 7 110
46 8 130
46 9 148
46 10 184
46 11 166
46 12 146
46 13 128
46 14 108
46 15 90
46 16 70
46 17 88
46 18 108
46 19 126
46 20 160
46 21 142
46 22 122
46 23 104
46 24 84
46 25 66
46 26 46
46 27 64
46 28 84
46 29 102
46 30 138
46 31 120
46 32 100
46 33 82
46 34 62
46 35 44
46 36 24
46 37 42
46 38 62
46 39 80
46 40 114
46 41 96
46 42 76
46 43 58
46 44 38
46 45 20
46 46 0
46 47 18
46 48 38
46 49 56
46 50 136
46 51 118
46 52 98
46 53 80
46 54 60
46 55 42
46 56 22
46 57 40
46 58 60
46 59 78
46 60 160
46 61 142
46 62 122
46 63 104
46 64 84
46 65 66
46 66 46
46 67 64
46 68 84
46 69 102
46 70 182
46 71 164
46 72 144
46 73 126
46 74 106
46 75 88
46 76 68
46 77 86
46 78 106
46 79 124
46 80 206
46 81 188
46 82 168
46 83 150
46 84 130
46 85 112
46 86 92
46 87 110
46 88 130
46 89 148
46 90 228
46 91 210
46 92 190
46 93 172
46 94 152
46 95 134
46 96 114
46 97 132
46 98 152
46 99 170
47 0 224
47 1 206
47 2 186
47 3 168
47 4 148
47 5 130
47 6 110
47 7 92
47 8 112
47 9 130
47 10 202
47 11 184
47 12 164
47 13 146
47 14 126
47 15 108
47 16 88
47 17 70
47 18 90
47 19 108
47 20 178
47 21 160
47 22 140
47 23 122
47 24 102
47 25 84
47 26 64
47 27 46
47 28 66
47 29 84
47 30 156
47 31 138
47 32 118
47 33 100
47 34 80
47 35 62
47 36 42
47 37 24
47 38 44
47 39 62
47 40 132
47 41 114
47 42 94
47 43 76
47 44 56
47 45 38
47 46 18
47 47 0
47 48 20
47 49 38
47 50 154
47 51 136
47 52 116
47 53 98
47 54 78
47 55 60
47 56 40
47 57 22
47 58 42
47 59 60
47 60 178
47 61 160
47 62 140
47 63 122
47 64 102
47 65 84
47 66 64
47 67 46
47 68 66
47 69 84
47 70 200
47 71 182
47 72 162
47 73 144
47 74 124
47 75 106
47 76 86
47 77 68
47 78 88
47 79 106
47 80 224
47 81 206
47 82 186
47 83 168
47 84 148
47 85 130
47 86 110
47 87 92
47 88 112
47 89 130
47 90 246
47 91 228
47 92 208
47 93 190
47 94 170
47 95 152
47 96 132
47 97 114
47 98 134
47 99 152
48 0 244
48 1 226
48 2 206
48 3 188
48 4 168
48 5 150
48 6 130
48 7 112
48 8 92
48 9 110
48 10 222
48 11 204
48 12 184
48 13 166
48 14 146
48 15 128
48 16 108
48 17 90
48 18 70
48 19 88
48 20 198
48 21 180
48 22 160
48 23 142
48 24 122
48 25 104
48 26 84
48 27 66
48 28 46
48 29 64
48 30 176
48 31 158
48 32 138
48 33 120
48 34 100
48 35 82
48 36 62
48 37 44
48 38 24
48 39 42
48 40 152
48 41 134
48 42 114
48 43 96
48 44 76
48 45 58
48 46 38
48 47 20
48 48 0
48 49 18
48 50 174
48 51 156
48 52 136
48 53 118
48 54 98
48 55 80
48 56 60
48 57 42
48 58 22
48 59 40
48 60 198
48 61 180
48 62 160
48 63 142
48 64 122
48 65 104
48 66 84
48 67 66
48 68 46
48 69 64
48 70 220
48 71 202
48 72 182
48 73 164
48 74 144
48 75 126
48 76 106
48 77 88
48 78 68
48 79 86
48 80 244
48 81 226
48 82 206
48 83 188
48 84 168
48 85 150
48 86 130
48 87 112
48 88 92
48 89 110
48 90 266
48 91 248
48 92 228
48 93 210
48 94 190
48 95 172
48 96 152
48 97 134
48 98 114
48 99 132
49 0 262
49 1 244
49 2 224
49 3 206
49 4 186
49 5 168
49 6 148
49 7 130
49 8 110
49 9 92
49 10 240
49 11 222
49 12 202
49 13 184
49 14 164
49 15 146
49 16 126
49 17 108
49 18 88
49 19 70
49 20 216
49 21 198
49 22 178
49 23 160
49 24 140
49 25 122
49 26 102
49 27 84
49 28 64
49 29 46
49 30 194
49 31 176
49 32 156
49 33 138
49 34 118
49 35 100
49 36 80
49 37 62
49 38 42
49 39 24
49 40 170
49 41 152
49 42 132
49 43 114
49 44 94
49 45 76
49 46 56
49 47 38
49 48 18
49 49 0
49 50 192
49 51 174
49 52 154
49 53 136
49 54 116
49 55 98
49 56 78
49 57 60
49 58 40
49 59 22
49 60 216
49 61 198
49 62 178
49 63 160
49 64 140
49 65 122
49 66 102
49 67 84
49 68 64
49 69 46
49 70 238
49 71 220
49 72 200
49 73 182
49 74 162
49 75 144
49 76 124
49 77 106
49 78 86
49 79 68
49 80 262
49 81 244
49 82 224
49 83 206
49 84 186
49 85 168
49 86 148
49 87 130
49 88 110
49 89 92
49 90 284
49 91 266
49 92 246
49 93 228
49 94 208
49 95 190
49 96 170
49 97 152
49 98 132
49 99 114
50 0 114
50 1 132
50 2 152
50 3 170
50 4 190
50 5 208
50 6 228
50 7 246
50 8 266
50 9 284
50 10 92
50 11 110
50 12 130
50 13 148
50 14 168
50 15 186
50 16 206
50 17 224
50 18 244
50 19 262
50 20 68
50 21 86
50 22 106
50 23 124
50 24 144
50 25 162
50 26 182
50 27 200
50 28 220
50 29 238
50 30 46
50 31 64
50 32 84
50 33 102
50 34 122
50 35 140
50 36 160
50 37 178
50 38 198
50 39 216
50 40 22
50 41 40
50 42 60
50 43 78
50 44 98
50 45 116
50 46 136
50 47 154
50 48 174
50 49 192
50 50 0
50 51 18
50 52 38
50 53 56
50 54 76
50 55 94
50 56 114
50 57 132
50 58 152
50 59 170
50 60 24
50 61 42
50 62 62
50 63 80
50 64 100
50 65 118
50 66 138
50 67 156
50 68 176
50 69 194
50 70 46
50 71 64
50 72 84
50 73 102
50 74 122
50 75 140
50 76 160
50 77 178
50 78 198
50 79 216
50 80 70
50 81 88
50 82 108
50 83 126
50 84 146
50 85 164
50 86 184
50 87 202
50 88 222
50 89 240
50 90 92
50 91 110
50 92 130
50 93 148
50 94 168
50 95 186
50 96 206
50 97 224
50 98 244
50 99 262
51 0 132
51 1 114
51 2 134
51 3 152
51 4 172
51 5 190
51 6 210
51 7 228
51 8 248
51 9 266
51 10 110
51 11 92
51 12 112
51 13 130
51 14 150
51 15 168
51 16 188
51 17 206
51 18 226
51 19 244
51 20 86
51 21 68
51 22 88
51 23 106
51 24 126
51 25 144
51 26 164
51 27 182
51 28 202
51 29 220
51 30 64
51 31 46
51 32 66
51 33 84
51 34 104
51 35 122
51 36 142
51 37 160
51 38 180
51 39 198
51 40 40
51 41 22
51 42 42
51 43 60
51 44 80
51 45 98
51 46 118
51 47 136
51 48 156
51 49 174
51 50 18
51 51 0
51 52 20
51 53 38
51 54 58
51 55 76
51 56 96
51 57 114
51 58 134
51 59 152
51 60 42
51 61 24
51 62 44
51 63 62
51 64 82
51 65 100
51 66 120
51 67 138
51 68 158
51 69 176
51 70 64
51 71 46
51 72 66
51 73 84
51 74 104
51 75 122
51 76 142
51 77 160
51 78 180
51 79 198
51 80 88
51 81 70
51 82 90
51 83 108
51 84 128
51 85 146
51 86 166
51 87 184
51 88 204
51 89 222
51 90 110
51 91 92
51 92 112
51 93 130
51 94 150
51 95 168
51 96 188
51 97 206
51 98 226
51 99 244
52 0 152
52 1 134
52 2 114
52 3 132
52 4 152
52 5 170
52 6 190
52 7 208
52 8 228
52 9 246
52 10 130
52 11 112
52 12 92
52 13 110
52 14 130
52 15 148
52 16 168
52 17 186
52 18 206
52 19 224
52 20 106
52 21 88
52 22 68
52 23 86
52 24 106
52 25 124
52 26 144
52 27 162
52 28 182
52 29 200
52 30 84
52 31 66
52 32 46
52 33 64
52 34 84
52 35 102
52 36 122
52 37 140
52 38 160
52 39 178
52 40 60
52 41 42
52 42 22
52 43 40
52 44 60
52 45 78
52 46 98
52 47 116
52 48 136
52 49 154
52 50 38
52 51 20
52 52 0
52 53 18
52 54 38
52 55 56
52 56 76
52 57 94
52 58 114
52 59 132
52 60 62
52 61 44
52 62 24
52 63 42
52 64 62
52 65 80
52 66 100
52 67 118
52 68 138
52 69 156
52 70 84
52 71 66
52 72 46
52 73 64
52 74 84
52 75 102
52 76 122
52 77 140
52 78 160
52 79 178
52 80 108
52 81 90
52 82 70
52 83 88
52 84 108
52 85 126
52 86 146
52 87 164
52 88 184
52 89 202
52 90 130
52 91 112
52 92 92
52 93 110
52 94 130
52 95 148
52 96 168
52 97 186
52 98 206
52 99 224
53 0 170
53 1 152
53 2 132
53 3 114
53 4 134
53 5 152
53 6 172
53 7 190
53 8 210
53 9 228
53 10 148
53 11 130
53 12 110
53 13 92
53 14 112
53 15 130
53 16 150
53 17 168
53 18 188
53 19 206
53 20 124
53 21 106
53 22 86
53 23 68
53 24 88
53 25 106
53 26 126
53 27 144
53 28 164
53 29 182
53 30 102
53 31 84
53 32 64
53 33 46
53 34 66
53 35 84
53 36 104
53 37 122
53 38 142
53 39 160
53 40 78
53 41 60
53 42 40
53 43 22
53 44 42
53 45 60
53 46 80
53 47 98
53 48 118
53 49 136
53 50 56
53 51 38
53 52 18
53 53 0
53 54 20
53 55 38
53 56 58
53 57 76
53 58 96
53 59 114
53 60 80
53 61 62
53 62 42
53 63 24
53 64 44
53 65 62
53 66 82
53 67 100
53 68 120
53 69 138
53 70 102
53 71 84
53 72 64
53 73 46
53 74 66
53 75 84
53 76 104
53 77 122
53 78 142
53 79 160
53 80 126
53 81 108
53 82 88
53 83 70
53 84 90
53 85 108
53 86 128
53 87 146
53 88 166
53 89 184
53 90 148
53 91 130
53 92 110
53 93 92
53 94 112
53 95 130
53 96 150
53 97 168
53 98 188
53 99 206
54 0 190
54 1 172
54 2 152
54 3 134
54 4 114
54 5 132
54 6 152
54 7 170
54 8 190
54 9 208
54 10 168
54 11 150
54 12 130
54 13 112
54 14 92
54 15 110
54 16 130
54 17 148
54 18 168
54 19 186
54 20 144
54 21 126
54 22 106
54 23 88
54 24 68
54 25 86
54 26 106
54 27 124
54 28 144
54 29 162
54 30 122
54 31 104
54 32 84
54 33 66
54 34 46
54 35 64
54 36 84
54 37 102
54 38 122
54 39 140
54 40 98
54 41 80
54 42 60
54 43 42
54 44 22
54 45 40
54 46 60
54 47 78
54 48 98
54 49 116
54 50 76
54 51 58
54 52 38
54 53 20
54 54 0
54 55 18
54 56 38
54 57 56
54 58 76
54 59 94
54 60 100
54 61 82
54 62 62
54 63 44
54 64 24
54 65 42
54 66 62
54 67 80
54 68 100
54 69 118
54 70 122
54 71 104
54 72 84
54 73 66
54 74 46
54 75 64
54 76 84
54 77 102
54 78 122
54 79 140
54 80 146
54 81 128
54 82 108
54 83 90
54 84 70
54 85 88
54 86 108
54 87 126
54 88 146
54 89 164
54 90 168
54 91 150
54 92 130
54 93 112
54 94 92
54 95 110
54 96 130
54 97 148
54 98 168
54 99 186
55 0 208
55 1 190
55 2 170
55 3 152
55 4 132
55 5 114
55 6 134
55 7 152
55 8 172
55 9 190
55 10 186
55 11 168
55 12 148
55 13 130
55 14 110
55 15 92
55 16 112
55 17 130
55 18 150
55 19 168
55 20 162
55 21 144
55 22 124
55 23 106
55 24 86
55 25 68
55 26 88
55 27 106
55 28 126
55 29 144
55 30 140
55 31 122
55 32 102
55 33 84
55 34 64
55 35 46
55 36 66
55 37 84
55 38 104
55 39 122
55 40 116
55 41 98
55 42 78
55 43 60
55 44 40
55 45 22
55 46 42
55 47 60
55 48 80
55 49 98
55 50 94
55 51 76
55 52 56
55 53 38
55 54 18
55 55 0
55 56 20
55 57 38
55 58 58
55 59 76
55 60 118
55 61 100
55 62 80
55 63 62
55 64 42
55 65 24
55 66 44
55 67 62
55 68 82
55 69 100
55 70 140
55 71 122
55 72 102
55 73 84
55 74 64
55 75 46
55 76 66
55 77 84
55 78 104
55 79 122
55 80 164
55 81 146
55 82 126
55 83 108
55 84 88
55 85 70
55 86 90
55 87 108
55 88 128
55 89 146
55 90 186
55 91 168
55 92 148
55 93 130
55 94 110
55 95 92
55 96 112
55 97 130
55 98 150
55 99 168
56 0 228
56 1 210
56 2 190
56 3 172
56 4 152
56 5 134
56 6 114
56 7 132
56 8 152
56 9 170
56 10 206
56 11 188
56 12 168
56 13 150
56 14 130
56 15 112
56 16 92
56 17 110
56 18 130
56 19 148
56 20 182
56 21 164
56 22 144
56 23 126
56 24 106
56 25 88
56 26 68
56 27 86
56 28 106
56 29 124
56 30 160
56 31 142
56 32 122
56 33 104
56 34 84
56 35 66
56 36 46
56 37 64
56 38 84
56 39 102
56 40 136
56 41 118
56 42 98
56 43 80
56 44 60
56 45 42
56 46 22
56 47 40
56 48 60
56 49 78
56 50 114
56 51 96
56 52 76
56 53 58
56 54 38
56 55 20
56 56 0
56 57 18
56 58 38
56 59 56
56 60 138
56 61 120
56 62 100
56 63 82
56 64 62
56 65 44
56 66 24
56 67 42
56 68 62
56 69 80
56 70 160
56 71 142
56 72 122
56 73 104
56 74 84
56 75 66
56 76 46
56 77 64
56 78 84
56 79 102
56 80 184
56 81 166
56 82 146
56 83 128
56 84 108
56 85 90
56 86 70
56 87 88
56 88 108
56 89 126
56 90 206
56 91 188
56 92 168
56 93 150
56 94 130
56 95 112
56 96 92
56 97 110
56 98 130
56 99 148
57 0 246
57 1 228
57 2 208
57 3 190
57 4 170
57 5 152
57 6 132
57 7 114
57 8 134
57 9 152
57 10 224
57 11 206
57 12 186
57 13 168
57 14 148
57 15 130
57 16 110
57 17 92
57 18 112
57 19 130
57 20 200
57 21 182
57 22 162
57 23 144
57 24 124
57 25 106
57 26 86
57 27 68
57 28 88
57 29 106
57 30 178
57 31 160
57 32 140
57 33 122
57 34 102
57 35 84
57 36 64
57 37 46
57 38 66
57 39 84
57 40 154
57 41 136
57 42 116
57 43 98
57 44 78
57 45 60
57 46 40
57 47 22
57 48 42
57 49 60
57 50 132
57 51 114
57 52 94
57 53 76
57 54 56
57 55 38
57 56 18
57 57 0
57 58 20
57 59 38
57 60 156
57 61 138
57 62 118
57 63 100
57 64 80
57 65 62
57 66 42
57 67 24
57 68 44
57 69 62
57 70 178
57 71 160
57 72 140
57 73 122
57 74 102
57 75 84
57 76 64
57 77 46
57 78 66
57 79 84
57 80 202
57 81 184
57 82 164
57 83 146
57 84 126
57 85 108
57 86 88
57 87 70
57 88 90
57 89 108
57 90 224
57 91 206
57 92 186
57 93 168
57 94 148
57 95 130
57 96 110
57 97 92
57 98 112
57 99 130
58 0 266
58 1 248
58 2 228
58 3 210
58 4 190
58 5 172
58 6 152
58 7 134
58 8 114
58 9 132
58 10 244
58 11 226
58 12 206
58 13 188
58 14 168
58 15 150
58 16 130
58 17 112
58 18 92
58 19 110
58 20 220
58 21 202
58 22 182
58 23 164
58 24 144
58 25 126
58 26 106
58 27 88
58 28 68
58 29 86
58 30 198
58 31 180
58 32 160
58 33 142
58 34 122
58 35 104
58 36 84
58 37 66
58 38 46
58 39 64
58 40 174
58 41 156
58 42 136
58 43 118
58 44 98
58 45 80
58 46 60
58 47 42
58 48 22
58 49 40
58 50 152
58 51 134
58 52 114
58 53 96
58 54 76
58 55 58
58 56 38
58 57 20
58 58 0
58 59 18
58 60 176
58 61 158
58 62 138
58 63 120
58 64 100
58 65 82
58 66 62
58 67 44
58 68 24
58 69 42
58 70 198
58 71 180
58 72 160
58 73 142
58 74 122
58 75 104
58 76 84
58 77 66
58 78 46
58 79 64
58 80 222
58 81 204
58 82 184
58 83 166
58 84 146
58 85 128
58 86 108
58 87 90
58 88 70
58 89 88
58 90 244
58 91 226
58 92 206
58 93 188
58 94 168
58 95 150
58 96 130
58 97 112
58 98 92
58 99 110
59 0 284
59 1 266
59 2 246
59 3 228
59 4 208
59 5 190
59 6 170
59 7 152
59 8 132
59 9 114
59 10 262
59 11 244
59 12 224
59 13 206
59 14 186
59 15 168
59 16 148
59 17 130
59 18 110
59 19 92
59 20 238
59 21 220
59 22 200
59 23 182
59 24 162
59 25 144
59 26 124
59 27 106
59 28 86
59 29 68
59 30 216
59 31 198
59 32 178
59 33 160
59 34 140
59 35 122
59 36 102
59 37 84
59 38 64
59 39 46
59 40 192
59 41 174
59 42 154
59 43 136
59 44 116
59 45 98
59 46 78
59 47 60
59 48 40
59 49 22
59 50 170
59 51 152
59 52 132
59 53 114
59 54 94
59 55 76
59 56 56
59 57 38
59 58 18
59 59 0
59 60 194
59 61 176
59 62 156
59 63 138
59 64 118
59 65 100
59 66 80
59 67 62
59 68 42
59 69 24
59 70 216
59 71 198
59 72 178
59 73 160
59 74 140
59 75 122
59 76 102
59 77 84
59 78 64
59 79 46
59 80 240
59 81 222
59 82 202
59 83 184
59 84 164
59 85 146
59 86 126
59 87 108
59 88 88
59 89 70
59 90 262
59 91 244
59 92 224
59 93 206
59 94 186
59 95 168
59 96 148
59 97 130
59 98 110
59 99 92
60 0 138
60 1 156
60 2 176
60 3 194
60 4 214
60 5 232
60 6 252
60 7 270
60 8 290
60 9 308
60 10 116
60 11 134
60 12 154
60 13 172
60 14 192
60 15 210
60 16 230
60 17 248
60 18 268
60 19 286
60 20 92
60 21 110
60 22 130
60 23 148
60 24 168
60 25 186
60 26 206
60 27 224
60 28 244
60 29 262
60 30 70
60 31 88
60 32 108
60 33 126
60 34 146
60 35 164
60 36 184
60 37 202
60 38 222
60 39 240
60 40 46
60 41 64
60 42 84
60 43 102
60 44 122
60 45 140
60 46 160
60 47 178
60 48 198
60 49 216
60 50 24
60 51 42
60 52 62
60 53 80
60 54 100
60 55 118
60 56 138
60 57 156
60 58 176
60 59 194
60 60 0
60 61 18
60 62 38
60 63 56
60 64 76
60 65 94
60 66 114
60 67 132
60 68 152
60 69 170
60 70 22
60 71 40
60 72 60
60 73 78
60 74 98
60 75 116
60 76 136
60 77 154
60 78 174
60 79 192
60 80 46
60 81 64
60 82 84
60 83 102
60 84 122
60 85 140
60 86 160
60 87 178
60 88 198
60 89 216
60 90 68
60 91 86
60 92 106
60 93 124
60 94 144
60 95 162
60 96 182
60 97 200
60 98 220
60 99 238
61 0 156
61 1 138
61 2 158
61 3 176
61 4 196
61 5 214
61 6 234
61 7 252
61 8 272
61 9 290
61 10 134
61 11 116
61 12 136
61 13 154
61 14 174
61 15 192
61 16 212
61 17 230
61 18 250
61 19 268
61 20 110
61 21 92
61 22 112
61 23 130
61 24 150
61 25 168
61 26 188
61 27 206
61 28 226
61 29 244
61 30 88
61 31 70
61 32 90
61 33 108
61 34 128
61 35 146
61 36 166
61 37 184
61 38 204
61 39 222
61 40 64
61 41 46
61 42 66
61 43 84
61 44 104
61 45 122
61 46 142
61 47 160
61 48 180
61 49 198
61 50 42
61 51 24
61 52 44
61 53 62
61 54 82
61 55 100
61 56 120
61 57 138
61 58 158
61 59 176
61 60 18
61 61 0
61 62 20
61 63 38
61 64 58
61 65 76
61 66 96
61 67 114
61 68 134
61 69 152
61 70 40
61 71 22
61 72 42
61 73 60
61 74 80
61 75 98
61 76 118
61 77 136
61 78 156
61 79 174
61 80 64
61 81 46
61 82 66
61 83 84
61 84 104
61 85 122
61 86 142
61 87 160
61 88 180
61 89 198
61 90 86
61 91 68
61 92 88
61 93 106
61 94 126
61 95 144
61 96 164
61 97 182
61 98 202
61 99 220
62 0 176
62 1 158
62 2 138
62 3 156
62 4 176
62 5 194
62 6 214
62 7 232
62 8 252
62 9 270
62 10 154
62 11 136
62 12 116
62 13 134
62 14 154
62 15 172
62 16 192
62 17 210
62 18 230
62 19 248
62 20 130
62 21 112
62 22 92
62 23 110
62 24 130
62 25 148
62 26 168
62 27 186
62 28 206
62 29 224
62 30 108
62 31 90
62 32 70
62 33 88
62 34 108
62 35 126
62 36 146
62 37 164
62 38 184
62 39 202
62 40 84
62 41 66
62 42 46
62 43 64
62 44 84
62 45 102
62 46 122
62 47 140
62 48 160
62 49 178
62 50 62
62 51 44
62 52 24
62 53 42
62 54 62
62 55 80
62 56 100
62 57 118
62 58 138
62 59 156
62 60 38
62 61 20
62 62 0
62 63 18
62 64 38
62 65 56
62 66 76
62 67 94
62 68 114
62 69 132
62 70 60
62 71 42
62 72 22
62 73 40
62 74 60
62 75 78
62 76 98
62 77 116
62 78 136
62 79 154
62 80 84
62 81 66
62 82 46
62 83 64
62 84 84
62 85 102
62 86 122
62 87 140
62 88 160
62 89 178
62 90 106
62 91 88
62 92 68
62 93 86
62 94 106
62 95 124
62 96 144
62 97 162
62 98 182
62 99 200
63 0 194
63 1 176
63 2 156
63 3 138
63 4 158
63 5 176
63 6 196
63 7 214
63 8 234
63 9 252
63 10 172
63 11 154
63 12 134
63 13 116
63 14 136
63 15 154
63 16 174
63 17 192
63 18 212
63 19 230
63 20 148
63 21 130
63 22 110
63 23 92
63 24 112
63 25 130
63 26 150
63 27 168
63 28 188
63 29 206
63 30 126
63 31 108
63 32 88
63 33 70
63 34 90
63 35 108
63 36 128
63 37 146
63 38 166
63 39 184
63 40 102
63 41 84
63 42 64
63 43 46
63 44 66
63 45 84
63 46 104
63 47 122
63 48 142
63 49 160
63 50 80
63 51 62
63 52 42
63 53 24
63 54 44
63 55 62
63 56 82
63 57 100
63 58 120
63 59 138
63 60 56
63 61 38
63 62 18
63 63 0
63 64 20
63 65 38
63 66 58
63 67 76
63 68 96
63 69 114
63 70 78
63 71 60
63 72 40
63 73 22
63 74 42
63 75 60
63 76 80
63 77 98
63 78 118
63 79 136
63 80 102
63 81 84
63 82 64
63 83 46
63 84 66
63 85 84
63 86 104
63 87 122
63 88 142
63 89 160
63 90 124
63 91 106
63 92 86
63 93 68
63 94 88
63 95 106
63 96 126
63 97 144
63 98 164
63 99 182
64 0 214
64 1 196
64 2 176
64 3 158
64 4 138
64 5 156
64 6 176
64 7 194
64 8 214
64 9 232
64 10 192
64 11 174
64 12 154
64 13 136
64 14 116
64 15 134
64 16 154
64 17 172
64 18 192
64 19 210
64 20 168
64 21 150
64 22 130
64 23 112
64 24 92
64 25 110
64 26 130
64 27 148
64 28 168
64 29 186
64 30 146
64 31 128
64 32 108
64 33 90
64 34 70
64 35 88
64 36 108
64 37 126
64 38 146
64 39 164
64 40 122
64 41 104
64 42 84
64 43 66
64 44 46
64 45 64
64 46 84
64 47 102
64 48 122
64 49 140
64 50 100
64 51 82
64 52 62
64 53 44
64 54 24
64 55 42
64 56 62
64 57 80
64 58 100
64 59 118
64 60 76
64 61 58
64 62 38
64 63 20
64 64 0
64 65 18
64 66 38
64 67 56
64 68 76
64 69 94
64 70 98
64 71 80
64 72 60
64 73 42
64 74 22
64 75 40
64 76 60
64 77 78
64 78 98
64 79 116
64 80 122
64 81 104
64 82 84
64 83 66
64 84 46
64 85 64
64 86 84
64 87 102
64 88 122
64 89 140
64 90 144
64 91 126
64 92 106
64 93 88
64 94 68
64 95 86
64 96 106
64 97 124
64 98 144
64 99 162
65 0 232
65 1 214
65 2 194
65 3 176
65 4 156
65 5 138
65 6 158
65 7 176
65 8 196
65 9 214
65 10 210
65 11 192
65 12 172
65 13 154
65 14 134
65 15 116
65 16 136
65 17 154
65 18 174
65 19 192
65 20 186
65 21 168
65 22 148
65 23 130
65 24 110
65 25 92
65 26 112
65 27 130
65 28 150
65 29 168
65 30 164
65 31 146
65 32 126
65 33 108
65 34 88
65 35 70
65 36 90
65 37 108
65 38 128
65 39 146
65 40 140
65 41 122
65 42 102
65 43 84
65 44 64
65 45 46
65 46 66
65 47 84
65 48 104
65 49 122
65 50 118
65 51 100
65 52 80
65 53 62
65 54 42
65 55 24
65 56 44
65 57 62
65 58 82
65 59 100
65 60 94
65 61 76
65 62 56
65 63 38
65 64 18
65 65 0
65 66 20
65 67 38
65 68 58
65 69 76
65 70 116
65 71 98
65 72 78
65 73 60
65 74 40
65 75 22
65 76 42
65 77 60
65 78 80
65 79 98
65 80 140
65 81 122
65 82 102
65 83 84
65 84 64
65 85 46
65 86 66
65 87 84
65 88 104
65 89 122
65 90 162
65 91 144
65 92 124
65 93 106
65 94 86
65 95 68
65 96 88
65 97 106
65 98 126
65 99 144
66 0 252
66 1 234
66 2 214
66 3 196
66 4 176
66 5 158
66 6 138
66 7 156
66 8 176
66 9 194
66 10 230
66 11 212
66 12 192
66 13 174
66 14 154
66 15 136
66 16 116
66 17 134
66 18 154
66 19 172
66 20 206
66 21 188
66 22 168
66 23 150
66 24 130
66 25 112
66 26 92
66 27 110
66 28 130
66 29 148
66 30 184
66 31 166
66 32 146
66 33 128
66 34 108
66 35 90
66 36 70
66 37 88
66 38 108
66 39 126
66 40 160
66 41 142
66 42 122
66 43 104
66 44 84
66 45 66
66 46 46
66 47 64
66 48 84
66 49 102
66 50 138
66 51 120
66 52 100
66 53 82
66 54 62
66 55 44
66 56 24
66 57 42
66 58 62
66 59 80
66 60 114
66 61 96
66 62 76
66 63 58
66 64 38
66 65 20
66 66 0
66 67 18
66 68 38
66 69 56
66 70 136
66 71 118
66 72 98
66 73 80
66 74 60
66 75 42
66 76 22
66 77 40
66 78 60
66 79 78
66 80 160
66 81 142
66 82 122
66 83 104
66 84 84
66 85 66
66 86 46
66 87 64
66 88 84
66 89 102
66 90 182
66 91 164
66 92 144
66 93 126
66 94 106
66 95 88
66 96 68
66 97 86
66 98 106
66 99 124
67 0 270
67 1 252
67 2 232
67 3 214
67 4 194
67 5 176
67 6 156
67 7 138
67 8 158
67 9 176
67 10 248
67 11 230
67 12 210
67 13 192
67 14 172
67 15 154
67 16 134
67 17 116
67 18 136
67 19 154
67 20 224
67 21 206
67 22 186
67 23 168
67 24 148
67 25 130
67 26 110
67 27 92
67 28 112
67 29 130
67 30 202
67 31 184
67 32 164
67 33 146
67 34 126
67 35 108
67 36 88
67 37 70
67 38 90
67 39 108
67 40 178
67 41 160
67 42 140
67 43 122
67 44 102
67 45 84
67 46 64
67 47 46
67 48 66
67 49 84
67 50 156
67 51 138
67 52 118
67 53 100
67 54 80
67 55 62
67 56 42
67 57 24
67 58 44
67 59 62
67 60 132
67 61 114
67 62 94
67 63 76
67 64 56
67 65 38
67 66 18
67 67 0
67 68 20
67 69 38
67 70 154
67 71 136
67 72 116
67 73 98
67 74 78
67 75 60
67 76 40
67 77 22
67 78 42
67 79 60
67 80 178
67 81 160
67 82 140
67 83 122
67 84 102
67 85 84
67 86 64
67 87 46
67 88 66
67 89 84
67 90 200
67 91 182
67 92 162
67 93 144
67 94 124
67 95 106
67 96 86
67 97 68
67 98 88
67 99 106
68 0 290
68 1 272
68 2 252
68 3 234
68 4 214
68 5 196
68 6 176
68 7 158
68 8 138
68 9 156
68 10 268
68 11 250
68 12 230
68 13 212
68 14 192
68 15 174
68 16 154
68 17 136
68 18 116
68 19 134
68 20 244
68 21 226
68 22 206
68 23 188
68 24 168
68 25 150
68 26 130
68 27 112
68 28 92
68 29 110
68 30 222
68 31 204
68 32 184
68 33 166
68 34 146
68 35 128
68 36 108
68 37 90
68 38 70
68 39 88
68 40 198
68 41 180
68 42 160
68 43 142
68 44 122
68 45 104
68 46 84
68 47 66
68 48 46
68 49 64
68 50 176
68 51 158
68 52 138
68 53 120
68 54 100
68 55 82
68 56 62
68 57 44
68 58 24
68 59 42
68 60 152
68 61 134
68 62 114
68 63 96
68 64 76
68 65 58
68 66 38
68 67 20
68 68 0
68 69 18
68 70 174
68 71 156
68 72 136
68 73 118
68 74 98
68 75 80
68 76 60
68 77 42
68 78 22
68 79 40
68 80 198
68 81 180
68 82 160
68 83 142
68 84 122
68 85 104
68 86 84
68 87 66
68 88 46
68 89 64
68 90 220
68 91 202
68 92 182
68 93 164
68 94 144
68 95 126
68 96 106
68 97 88
68 98 68
68 99 86
69 0 308
69 1 290
69 2 270
69 3 252
69 4 232
69 5 214
69 6 194
69 7 176
69 8 156
69 9 138
69 10 286
69 11 268
69 12 248
69 13 230
69 14 210
69 15 192
69 16 172
69 17 154
69 18 134
69 19 116
69 20 262
69 21 244
69 22 224
69 23 206
69 24 186
69 25 168
69 26 148
69 27 130
69 28 110
69 29 92
69 30 240
69 31 222
69 32 202
69 33 184
69 34 164
69 35 146
69 36 126
69 37 108
69 38 88
69 39 70
69 40 216
69 41 198
69 42 178
69 43 160
69 44 140
69 45 122
69 46 102
69 47 84
69 48 64
69 49 46
69 50 194
69 51 176
69 52 156
69 53 138
69 54 118
69 55 100
69 56 80
69 57 62
69 58 42
69 59 24
69 60 170
69 61 152
69 62 132
69 63 114
69 64 94
69 65 76
69 66 56
69 67 38
69 68 18
69 69 0
69 70 192
69 71 174
69 72 154
69 73 136
69 74 116
69 75 98
69 76 78
69 77 60
69 78 40
69 79 22
69 80 216
69 81 198
69 82 178
69 83 160
69 84 140
69 85 122
69 86 102
69 87 84
69 88 64
69 89 46
69 90 238
69 91 220
69 92 200
69 93 182
69 94 162
69 95 144
69 96 124
69 97 106
69 98 86
69 99 68
70 0 160
70 1 178
70 2 198
70 3 216
70 4 236
70 5 254
70 6 274
70 7 292
70 8 312
70 9 330
70 10 138
70 11 156
70 12 176
70 13 194
70 14 214
70 15 232
70 16 252
70 17 270
70 18 290
70 19 308
70 20 114
70 21 132
70 22 152
70 23 170
70 24 190
70 25 208
70 26 228
70 27 246
70 28 266
70 29 284
70 30 92
70 31 110
70 32 130
70 33 148
70 34 168
70 35 186
70 36 206
70 37 224
70 38 244
70 39 262
70 40 68
70 41 86
70 42 106
70 43 124
70 44 144
70 45 162
70 46 182
70 47 200
70 48 220
70 49 238
70 50 46
70 51 64
70 52 84
70 53 102
70 54 122
70 55 140
70 56 160
70 57 178
70 58 198
70 59 216
70 60 22
70 61 40
70 62 60
70 63 78
70 64 98
70 65 116
70 66 136
70 67 154
70 68 174
70 69 192
70 70 0
70 71 18
70 72 38
70 73 56
70 74 76
70 75 94
70 76 114
70 77 132
70 78 152
70 79 170
70 80 24
70 81 42
70 82 62
70 83 80
70 84 100
70 85 118
70 86 138
70 87 156
70 88 176
70 89 194
70 90 46
70 91 64
70 92 84
70 93 102
70 94 122
70 95 140
70 96 160
70 97 178
70 98 198
70 99 216
71 0 178
71 1 160
71 2 180
71 3 198
71 4 218
71 5 236
71 6 256
71 7 274
71 8 294
71 9 312
71 10 156
71 11 138
71 12 158
71 13 176
71 14 196
71 15 214
71 16 234
71 17 252
71 18 272
71 19 290
71 20 132
71 21 114
71 22 134
71 23 152
71 24 172
71 25 190
71 26 210
71 27 228
71 28 248
71 29 266
71 30 110
71 31 92
71 32 112
71 33 130
71 34 150
71 35 168
71 36 188
71 37 206
71 38 226
71 39 244
71 40 86
71 41 68
71 42 88
71 43 106
71 44 126
71 45 144
71 46 164
71 47 182
71 48 202
71 49 220
71 50 64
71 51 46
71 52 66
71 53 84
71 54 104
71 55 122
71 56 142
71 57 160
71 58 180
71 59 198
71 60 40
71 61 22
71 62 42
71 63 60
71 64 80
71 65 98
71 66 118
71 67 136
71 68 156
71 69 174
71 70 18
71 71 0
71 72 20
71 73 38
71 74 58
71 75 76
71 76 96
71 77 114
71 78 134
71 79 152
71 80 42
71 81 24
71 82 44
71 83 62
71 84 82
71 85 100
71 86 120
71 87 138
71 88 158
71 89 176
71 90 64
71 91 46
71 92 66
71 93 84
71 94 104
71 95 122
71 96 142
71 97 160
71 98 180
71 99 198
72 0 198
72 1 180
72 2 160
72 3 178
72 4 198
72 5 216
72 6 236
72 7 254
72 8 274
72 9 292
72 10 176
72 11 158
72 12 138
72 13 156
72 14 176
72 15 194
72 16 214
72 17 232
72 18 252
72 19 270
72 20 152
72 21 134
72 22 114
72 23 132
72 24 152
72 25 170
72 26 190
72 27 208
72 28 228
72 29 246
72 30 130
72 31 112
72 32 92
72 33 110
72 34 130
72 35 148
72 36 168
72 37 186
72 38 206
72 39 224
72 40 106
72 41 88
72 42 68
72 43 86
72 44 106
72 45 124
72 46 144
72 47 162
72 48 182
72 49 200
72 50 84
72 51 66
72 52 46
72 53 64
72 54 84
72 55 102
72 56 122
72 57 140
72 58 160
72 59 178
72 60 60
72 61 42
72 62 22
72 63 40
72 64 60
72 65 78
72 66 98
72 67 116
72 68 136
72 69 154
72 70 38
72 71 20
72 72 0
72 73 18
72 74 38
72 75 56
72 76 76
72 77 94
72 78 114
72 79 132
72 80 62
72 81 44
72 82 24
72 83 42
72 84 62
72 85 80
72 86 100
72 87 118
72 88 138
72 89 156
72 90 84
72 91 66
72 92 46
72 93 64
72 94 84
72 95 102
72 96 122
72 97 140
72 98 160
72 99 178
73 0 216
73 1 198
73 2 178
73 3 160
73 4 180
73 5 198
73 6 218
73 7 236
73 8 256
73 9 274
73 10 194
73 11 176
73 12 156
73 13 138
73 14 158
73 15 176
73 16 196
73 17 214
73 18 234
73 19 252
73 20 170
73 21 152
73 22 132
73 23 114
73 24 134
73 25 152
73 26 172
73 27 190
73 28 210
73 29 228
73 30 148
73 31 130
73 32 110
73 33 92
73 34 112
73 35 130
73 36 150
73 37 168
73 38 188
73 39 206
73 40 124
73 41 106
73 42 86
73 43 68
73 44 88
73 45 106
73 46 126
73 47 144
73 48 164
73 49 182
73 50 102
73 51 84
73 52 64
73 53 46
73 54 66
73 55 84
73 56 104
73 57 122
73 58 142
73 59 160
73 60 78
73 61 60
73 62 40
73 63 22
73 64 42
73 65 60
73 66 80
73 67 98
73 68 118
73 69 136
73 70 56
73 71 38
73 72 18
73 73 0
73 74 20
73 75 38
73 76 58
73 77 76
73 78 96
73 79 114
73 80 80
73 81 62
73 82 42
73 83 24
73 84 44
73 85 62
73 86 82
73 87 100
73 88 120
73 89 138
73 90 102
73 91 84
73 92 64
73 93 46
73 94 66
73 95 84
73 96 104
73 97 122
73 98 142
73 99 160
74 0 236
74 1 218
74 2 198
74 3 180
74 4 160
74 5 178
74 6 198
74 7 216
74 8 236
74 9 254
74 10 214
74 11 196
74 12 176
74 13 158
74 14 138
74 15 156
74 16 176
74 17 194
74 18 214
74 19 232
74 20 190
74 21 172
74 22 152
74 23 134
74 24 114
74 25 132
74 26 152
74 27 170
74 28 190
74 29 208
74 30 168
74 31 150
74 32 130
74 33 112
74 34 92
74 35 110
74 36 130
74 37 148
74 38 168
74 39 186
74 40 144
74 41 126
74 42 106
74 43 88
74 44 68
74 45 86
74 46 106
74 47 124
74 48 144
74 49 162
74 50 122
74 51 104
74 52 84
74 53 66
74 54 46
74 55 64
74 56 84
74 57 102
74 58 122
74 59 140
74 60 98
74 61 80
74 62 60
74 63 42
74 64 22
74 65 40
74 66 60
74 67 78
74 68 98
74 69 116
74 70 76
74 71 58
74 72 38
74 73 20
74 74 0
74 75 18
74 76 38
74 77 56
74 78 76
74 79 94
74 80 100
74 81 82
74 82 62
74 83 44
74 84 24
74 85 42
74 86 62
74 87 80
74 88 100
74 89 118
74 90 122
74 91 104
74 92 84
74 93 66
74 94 46
74 95 64
74 96 84
74 97 102
74 98 122
74 99 140
75 0 254
75 1 236
75 2 216
75 3 198
75 4 178
75 5 160
75 6 180
75 7 198
75 8 218
75 9 236
75 10 232
75 11 214
75 12 194
75 13 176
75 14 156
75 15 138
75 16 158
75 17 176
75 18 196
75 19 214
75 20 208
75 21 190
75 22 170
75 23 152
75 24 132
75 25 114
75 26 134
75 27 152
75 28 172
75 29 190
75 30 186
75 31 168
75 32 148
75 33 130
75 34 110
75 35 92
75 36 112
75 37 130
75 38 150
75 39 168
75 40 162
75 41 144
75 42 124
75 43 106
75 44 86
75 45 68
75 46 88
75 47 106
75 48 126
75 49 144
75 50 140
75 51 122
75 52 102
75 53 84
75 54 64
75 55 46
75 56 66
75 57 84
75 58 104
75 59 122
75 60 116
75 61 98
75 62 78
75 63 60
75 64 40
75 65 22
75 66 42
75 67 60
75 68 80
75 69 98
75 70 94
75 71 76
75 72 56
75 73 38
75 74 18
75 75 0
75 76 20
75 77 38
75 78 58
75 79 76
75 80 118
75 81 100
75 82 80
75 83 62
75 84 42
75 85 24
75 86 44
75 87 62
75 88 82
75 89 100
75 90 140
75 91 122
75 92 102
75 93 84
75 94 64
75 95 46
75 96 66
75 97 84
75 98 104
75 99 122
76 0 274
76 1 256
76 2 236
76 3 218
76 4 198
76 5 180
76 6 160
76 7 178
76 8 198
76 9 216
76 10 252
76 11 234
76 12 214
76 13 196
76 14 176
76 15 158
76 16 138
76 17 156
76 18 176
76 19 194
76 20 228
76 21 210
76 22 190
76 23 172
76 24 152
76 25 134
76 26 114
76 27 132
76 28 152
76 29 170
76 30 206
76 31 188
76 32 168
76 33 150
76 34 130
76 35 112
76 36 92
76 37 110
76 38 130
76 39 148
76 40 182
76 41 164
76 42 144
76 43 126
76 44 106
76 45 88
76 46 68
76 47 86
76 48 106
76 49 124
76 50 160
76 51 142
76 52 122
76 53 104
76 54 84
76 55 66
76 56 46
76 57 64
76 58 84
76 59 102
76 60 136
76 61 118
76 62 98
76 63 80
76 64 60
76 65 42
76 66 22
76 67 40
76 68 60
76 69 78
76 70 114
76 71 96
76 72 76
76 73 58
76 74 38
76 75 20
76 76 0
76 77 18
76 78 38
76 79 56
76 80 138
76 81 120
76 82 100
76 83 82
76 84 62
76 85 44
76 86 24
76 87 42
76 88 62
76 89 80
76 90 160
76 91 142
76 92 122
76 93 104
76 94 84
76 95 66
76 96 46
76 97 64
76 98 84
76 99 102
77 0 292
77 1 274
77 2 254
77 3 236
77 4 216
77 5 198
77 6 178
77 7 160
77 8 180
77 9 198
77 10 270
77 11 252
77 12 232
77 13 214
77 14 194
77 15 176
77 16 156
77 17 138
77 18 158
77 19 176
77 20 246
77 21 228
77 22 208
77 23 190
77 24 170
77 25 152
77 26 132
77 27 114
77 28 134
77 29 152
77 30 224
77 31 206
77 32 186
77 33 168
77 34 148
77 35 130
77 36 110
77 37 92
77 38 112
77 39 130
77 40 200
77 41 182
77 42 162
77 43 144
77 44 124
77 45 106
77 46 86
77 47 68
77 48 88
77 49 106
77 50 178
77 51 160
77 52 140
77 53 122
77 54 102
77 55 84
77 56 64
77 57 46
77 58 66
77 59 84
77 60 154
77 61 136
77 62 116
77 63 98
77 64 78
77 65 60
77 66 40
77 67 22
77 68 42
77 69 60
77 70 132
77 71 114
77 72 94
77 73 76
77 74 56
77 75 38
77 76 18
77 77 0
77 78 20
77 79 38
77 80 156
77 81 138
77 82 118
77 83 100
77 84 80
77 85 62
77 86 42
77 87 24
77 88 44
77 89 62
77 90 178
77 91 160
77 92 140
77 93 122
77 94 102
77 95 84
77 96 64
77 97 46
77 98 66
77 99 84
78 0 312
78 1 294
78 2 274
78 3 256
78 4 236
78 5 218
78 6 198
78 7 180
78 8 160
78 9 178
78 10 290
78 11 272
78 12 252
78 13 234
78 14 214
78 15 196
78 16 176
78 17 158
78 18 138
78 19 156
78 20 266
78 21 248
78 22 228
78 23 210
78 24 190
78 25 172
78 26 152
78 27 134
78 28 114
78 29 132
78 30 244
78 31 226
78 32 206
78 33 188
78 34 168
78 35 150
78 36 130
78 37 112
78 38 92
78 39 110
78 40 220
78 41 202
78 42 182
78 43 164
78 44 144
78 45 126
78 46 106
78 47 88
78 48 68
78 49 86
78 50 198
78 51 180
78 52 160
78 53 142
78 54 122
78 55 104
78 56 84
78 57 66
78 58 46
78 59 64
78 60 174
78 61 156
78 62 136
78 63 118
78 64 98
78 65 80
78 66 60
78 67 42
78 68 22
78 69 40
78 70 152
78 71 134
78 72 114
78 73 96
78 74 76
78 75 58
78 76 38
78 77 20
78 78 0
78 79 18
78 80 176
78 81 158
78 82 138
78 83 120
78 84 100
78 85 82
78 86 62
78 87 44
78 88 24
78 89 42
78 90 198
78 91 180
78 92 160
78 93 142
78 94 122
78 95 104
78 96 84
78 97 66
78 98 46
78 99 64
79 0 330
79 1 312
79 2 292
79 3 274
79 4 254
79 5 236
79 6 216
79 7 198
79 8 178
79 9 160
79 10 308
79 11 290
79 12 270
79 13 252
79 14 232
79 15 214
79 16 194
79 17 176
79 18 156
79 19 138
79 20 284
79 21 266
79 22 246
79 23 228
79 24 208
79 25 190
79 26 170
79 27 152
79 28 132
79 29 114
79 30 262
79 31 244
79 32 224
79 33 206
79 34 186
79 35 168
79 36 148
79 37 130
79 38 110
79 39 92
79 40 238
79 41 220
79 42 200
79 43 182
79 44 162
79 45 144
79 46 124
79 47 106
79 48 86
79 49 68
79 50 216
79 51 198
79 52 178
79 53 160
79 54 140
79 55 122
79 56 102
79 57 84
79 58 64
79 59 46
79 60 192
79 61 174
79 62 154
79 63 136
79 64 116
79 65 98
79 66 78
79 67 60
79 68 40
79 69 22
79 70 170
79 71 152
79 72 132
79 73 114
79 74 94
79 75 76
79 76 56
79 77 38
79 78 18
79 79 0
79 80 194
79 81 176
79 82 156
79 83 138
79 84 118
79 85 100
79 86 80
79 87 62
79 88 42
79 89 24
79 90 216
79 91 198
79 92 178
79 93 160
79 94 140
79 95 122
79 96 102
79 97 84
79 98 64
79 99 46
80 0 184
80 1 202
80 2 222
80 3 240
80 4 260
80 5 278
80 6 298
80 7 316
80 8 336
80 9 354
80 10 162
80 11 180
80 12 200
80 13 218
80 14 238
80 15 256
80 16 276
80 17 294
80 18 314
80 19 332
80 20 138
80 21 156
80 22 176
80 23 194
80 24 214
80 25 232
80 26 252
80 27 270
80 28 290
80 29 308
80 30 116
80 31 134
80 32 154
80 33 172
80 34 192
80 35 210
80 36 230
80 37 248
80 38 268
80 39 286
80 40 92
80 41 110
80 42 130
80 43 148
80 44 168
80 45 186
80 46 206
80 47 224
80 48 244
80 49 262
80 50 70
80 51 88
80 52 108
80 53 126
80 54 146
80 55 164
80 56 184
80 57 202
80 58 222
80 59 240
80 60 46
80 61 64
80 62 84
80 63 102
80 64 122
80 65 140
80 66 160
80 67 178
80 68 198
80 69 216
80 70 24
80 71 42
80 72 62
80 73 80
80 74 100
80 75 118
80 76 138
80 77 156
80 78 176
80 79 194
80 80 0
80 81 18
80 82 38
80 83 56
80 84 76
80 85 94
80 86 114
80 87 132
80 88 152
80 89 170
80 90 22
80 91 40
80 92 60
80 93 78
80 94 98
80 95 116
80 96 136
80 97 154
80 98 174
80 99 192
81 0 202
81 1 184
81 2 204
81 3 222
81 4 242
81 5 260
81 6 280
81 7 298
81 8 318
81 9 336
81 10 180
81 11 162
81 12 182
81 13 200
81 14 220
81 15 238
81 16 258
81 17 276
81 18 296
81 19 314
81 20 156
81 21 138
81 22 158
81 23 176
81 24 196
81 25 214
81 26 234
81 27 252
81 28 272
81 29 290
81 30 134
81 31 116
81 32 136
81 33 154
81 34 174
81 35 192
81 36 212
81 37 230
81 38 250
81 39 268
81 40 110
81 41 92
81 42 112
81 43 130
81 44 150
81 45 168
81 46 188
81 47 206
81 48 226
81 49 244
81 50 88
81 51 70
81 52 90
81 53 108
81 54 128
81 55 146
81 56 166
81 57 184
81 58 204
81 59 222
81 60 64
81 61 46
81 62 66
81 63 84
81 64 104
81 65 122
81 66 142
81 67 160
81 68 180
81 69 198
81 70 42
81 71 24
81 72 44
81 73 62
81 74 82
81 75 100
81 76 120
81 77 138
81 78 158
81 79 176
81 80 18
81 81 0
81 82 20
81 83 38
81 84 58
81 85 76
81 86 96
81 87 114
81 88 134
81 89 152
81 90 40
81 91 22
81 92 42
81 93 60
81 94 80
81 95 98
81 96 118
81 97 136
81 98 156
81 99 174
82 0 222
82 1 204
82 2 184
82 3 202
82 4 222
82 5 240
82 6 260
82 7 278
82 8 298
82 9 316
82 10 200
82 11 182
82 12 162
82 13 180
82 14 200
82 15 218
82 16 238
82 17 256
82 18 276
82 19 294
82 20 176
82 21 158
82 22 138
82 23 156
82 24 176
82 25 194
82 26 214
82 27 232
82 28 252
82 29 270
82 30 154
82 31 136
82 32 116
82 33 134
82 34 154
82 35 172
82 36 192
82 37 210
82 38 230
82 39 248
82 40 130
82 41 112
82 42 92
82 43 110
82 44 130
82 45 148
82 46 168
82 47 186
82 48 206
82 49 224
82 50 108
82 51 90
82 52 70
82 53 88
82 54 108
82 55 126
82 56 146
82 57 164
82 58 184
82 59 202
82 60 84
82 61 66
82 62 46
82 63 64
82 64 84
82 65 102
82 66 122
82 67 140
82 68 160
82 69 178
82 70 62
82 71 44
82 72 24
82 73 42
82 74 62
82 75 80
82 76 100
82 77 118
82 78 138
82 79 156
82 80 38
82 81 20
82 82 0
82 83 18
82 84 38
82 85 56
82 86 76
82 87 94
82 88 114
82 89 132
82 90 60
82 91 42
82 92 22
82 93 40
82 94 60
82 95 78
82 96 98
82 97 116
82 98 136
82 99 154
83 0 240
83 1 222
83 2 202
83 3 184
83 4 204
83 5 222
83 6 242
83 7 260
83 8 280
83 9 298
83 10 218
83 11 200
83 12 180
83 13 162
83 14 182
83 15 200
83 16 220
83 17 238
83 18 258
83 19 276
83 20 194
83 21 176
83 22 156
83 23 138
83 24 158
83 25 176
83 26 196
83 27 214
83 28 234
83 29 252
83 30 172
83 31 154
83 32 134
83 33 116
83 34 136
83 35 154
83 36 174
83 37 192
83 38 212
83 39 230
83 40 148
83 41 130
83 42 110
83 43 92
83 44 112
83 45 130
83 46 150
83 47 168
83 48 188
83 49 206
83 50 126
83 51 108
83 52 88
83 53 70
83 54 90
83 55 108
83 56 128
83 57 146
83 58 166
83 59 184
83 60 102
83 61 84
83 62 64
83 63 46
83 64 66
83 65 84
83 66 104
83 67 122
83 68 142
83 69 160
83 70 80
83 71 62
83 72 42
83 73 24
83 74 44
83 75 62
83 76 82
83 77 100
83 78 120
83 79 138
83 80 56
83 81 38
83 82 18
83 83 0
83 84 20
83 85 38
83 86 58
83 87 76
83 88 96
83 89 114
83 90 78
83 91 60
83 92 40
83 93 22
83 94 42
83 95 60
83 96 80
83 97 98
83 98 118
83 99 136
84 0 260
84 1 242
84 2 222
84 3 204
84 4 184
84 5 202
84 6 222
84 7 240
84 8 260
84 9 278
84 10 238
84 11 220
84 12 200
84 13 182
84 14 162
84 15 180
84 16 200
84 17 218
84 18 238
84 19 256
84 20 214
84 21 196
84 22 176
84 23 158
84 24 138
84 25 156
84 26 176
84 27 194
84 28 214
84 29 232
84 30 192
84 31 174
84 32 154
84 33 136
84 34 116
84 35 134
84 36 154
84 37 172
84 38 192
84 39 210
84 40 168
84 41 150
84 42 130
84 43 112
84 44 92
84 45 110
84 46 130
84 47 148
84 48 168
84 49 186
84 50 146
84 51 128
84 52 108
84 53 90
84 54 70
84 55 88
84 56 108
84 57 126
84 58 146
84 59 164
84 60 122
84 61 104
84 62 84
84 63 66
84 64 46
84 65 64
84 66 84
84 67 102
84 68 122
84 69 140
84 70 100
84 71 82
84 72 62
84 73 44
84 74 24
84 75 42
84 76 62
84 77 80
84 78 100
84 79 118
84 80 76
84 81 58
84 82 38
84 83 20
84 84 0
84 85 18
84 86 38
84 87 56
84 88 76
84 89 94
84 90 98
84 91 80
84 92 60
84 93 42
84 94 22
84 95 40
84 96 60
84 97 78
84 98 98
84 99 116
85 0 278
85 1 260
85 2 240
85 3 222
85 4 202
85 5 184
85 6 204
85 7 222
85 8 242
85 9 260
85 10 256
85 11 238
85 12 218
85 13 200
85 14 180
85 15 162
85 16 182
85 17 200
85 18 220
85 19 238
85 20 232
85 21 214
85 22 194
85 23 176
85 24 156
85 25 138
85 26 158
85 27 176
85 28 196
85 29 214
85 30 210
85 31 192
85 32 172
85 33 154
85 34 134
85 35 116
85 36 136
85 37 154
85 38 174
85 39 192
85 40 186
85 41 168
85 42 148
85 43 130
85 44 110
85 45 92
85 46 112
85 47 130
85 48 150
85 49 168
85 50 164
85 51 146
85 52 126
85 53 108
85 54 88
85 55 70
85 56 90
85 57 108
85 58 128
85 59 146
85 60 140
85 61 122
85 62 102
85 63 84
85 64 64
85 65 46
85 66 66
85 67 84
85 68 104
85 69 122
85 70 118
85 71 100
85 72 80
85 73 62
85 74 42
85 75 24
85 76 44
85 77 62
85 78 82
85 79 100
85 80 94
85 81 76
85 82 56
85 83 38
85 84 18
85 85 0
85 86 20
85 87 38
85 88 58
85 89 76
85 90 116
85 91 98
85 92 78
85 93 60
85 94 40
85 95 22
85 96 42
85 97 60
85 98 80
85 99 98
86 0 298
86 1 280
86 2 260
86 3 242
86 4 222
86 5 204
86 6 184
86 7 202
86 8 222
86 9 240
86 10 276
86 11 258
86 12 238
86 13 220
86 14 200
86 15 182
86 16 162
86 17 180
86 18 200
86 19 218
86 20 252
86 21 234
86 22 214
86 23 196
86 24 176
86 25 158
86 26 138
86 27 156
86 28 176
86 29 194
86 30 230
86 31 212
86 32 192
86 33 174
86 34 154
86 35 136
86 36 116
86 37 134
86 38 154
86 39 172
86 40 206
86 41 188
86 42 168
86 43 150
86 44 130
86 45 112
86 46 92
86 47 110
86 48 130
86 49 148
86 50 184
86 51 166
86 52 146
86 53 128
86 54 108
86 55 90
86 56 70
86 57 88
86 58 108
86 59 126
86 60 160
86 61 142
86 62 122
86 63 104
86 64 84
86 65 66
86 66 46
86 67 64
86 68 84
86 69 102
86 70 138
86 71 120
86 72 100
86 73 82
86 74 62
86 75 44
86 76 24
86 77 42
86 78 62
86 79 80
86 80 114
86 81 96
86 82 76
86 83 58
86 84 38
86 85 20
86 86 0
86 87 18
86 88 38
86 89 56
86 90 136
86 91 118
86 92 98
86 93 80
86 94 60
86 95 42
86 96 22
86 97 40
86 98 60
86 99 78
87 0 316
87 1 298
87 2 278
87 3 260
87 4 240
87 5 222
87 6 202
87 7 184
87 8 204
87 9 222
87 10 294
87 11 276
87 12 256
87 13 238
87 14 218
87 15 200
87 16 180
87 17 162
87 18 182
87 19 200
87 20 270
87 21 252
87 22 232
87 23 214
87 24 194
87 25 176
87 26 156
87 27 138
87 28 158
87 29 176
87 30 248
87 31 230
87 32 210
87 33 192
87 34 172
87 35 154
87 36 134
87 37 116
87 38 136
87 39 154
87 40 224
87 41 206
87 42 186
87 43 168
87 44 148
87 45 130
87 46 110
87 47 92
87 48 112
87 49 130
87 50 202
87 51 184
87 52 164
87 53 146
87 54 126
87 55 108
87 56 88
87 57 70
87 58 90
87 59 108
87 60 178
87 61 160
87 62 140
87 63 122
87 64 102
87 65 84
87 66 64
87 67 46
87 68 66
87 69 84
87 70 156
87 71 138
87 72 118
87 73 100
87 74 80
87 75 62
87 76 42
87 77 24
87 78 44
87 79 62
87 80 132
87 81 114
87 82 94
87 83 76
87 84 56
87 85 38
87 86 18
87 87 0
87 88 20
87 89 38
87 90 154
87 91 136
87 92 116
87 93 98
87 94 78
87 95 60
87 96 40
87 97 22
87 98 42
87 99 60
88 0 336
88 1 318
88 2 298
88 3 280
88 4 260
88 5 242
88 6 222
88 7 204
88 8 184
88 9 202
88 10 314
88 11 296
88 12 276
88 13 258
88 14 238
88 15 220
88 16 200
88 17 182
88 18 162
88 19 180
88 20 290
88 21 272
88 22 252
88 23 234
88 24 214
88 25 196
88 26 176
88 27 158
88 28 138
88 29 156
88 30 268
88 31 250
88 32 230
88 33 212
88 34 192
88 35 174
88 36 154
88 37 136
88 38 116
88 39 134
88 40 244
88 41 226
88 42 206
88 43 188
88 44 168
88 45 150
88 46 130
88 47 112
88 48 92
88 49 110
88 50 222
88 51 204
88 52 184
88 53 166
88 54 146
88 55 128
88 56 108
88 57 90
88 58 70
88 59 88
88 60 198
88 61 180
88 62 160
88 63 142
88 64 122
88 65 104
88 66 84
88 67 66
88 68 46
88 69 64
88 70 176
88 71 158
88 72 138
88 73 120
88 74 100
88 75 82
88 76 62
88 77 44
88 78 24
88 79 42
88 80 152
88 81 134
88 82 114
88 83 96
88 84 76
88 85 58
88 86 38
88 87 20
88 88 0
88 89 18
88 90 174
88 91 156
88 92 136
88 93 118
88 94 98
88 95 80
88 96 60
88 97 42
88 98 22
88 99 40
89 0 354
89 1 336
89 2 316
89 3 298
89 4 278
89 5 260
89 6 240
89 7 222
89 8 202
89 9 184
89 10 332
89 11 314
89 12 294
89 13 276
89 14 256
89 15 238
89 16 218
89 17 200
89 18 180
89 19 162
89 20 308
89 21 290
89 22 270
89 23 252
89 24 232
89 25 214
89 26 194
89 27 176
89 28 156
89 29 138
89 30 286
89 31 268
89 32 248
89 33 230
89 34 210
89 35 192
89 36 172
89 37 154
89 38 134
89 39 116
89 40 262
89 41 244
89 42 224
89 43 206
89 44 186
89 45 168
89 46 148
89 47 130
89 48 110
89 49 92
89 50 240
89 51 222
89 52 202
89 53 184
89 54 164
89 55 146
89 56 126
89 57 108
89 58 88
89 59 70
89 60 216
89 61 198
89 62 178
89 63 160
89 64 140
89 65 122
89 66 102
89 67 84
89 68 64
89 69 46
89 70 194
89 71 176
89 72 156
89 73 138
89 74 118
89 75 100
89 76 80
89 77 62
89 78 42
89 79 24
89 80 170
89 81 152
89 82 132
89 83 114
89 84 94
89 85 76
89 86 56
89 87 38
89 88 18
89 89 0
89 90 192
89 91 174
89 92 154
89 93 136
89 94 116
89 95 98
89 96 78
89 97 60
89 98 40
89 99 22
90 0 206
90 1 224
90 2 244
90 3 262
90 4 282
90 5 300
90 6 320
90 7 338
90 8 358
90 9 376
90 10 184
90 11 202
90 12 222
90 13 240
90 14 260
90 15 278
90 16 298
90 17 316
90 18 336
90 19 354
90 20 160
90 21 178
90 22 198
90 23 216
90 24 236
90 25 254
90 26 274
90 27 292
90 28 312
90 29 330
90 30 138
90 31 156
90 32 176
90 33 194
90 34 214
90 35 232
90 36 252
90 37 270
90 38 290
90 39 308
90 40 114
90 41 132
90 42 152
90 43 170
90 44 190
90 45 208
90 46 228
90 47 246
90 48 266
90 49 284
90 50 92
90 51 110
90 52 130
90 53 148
90 54 168
90 55 186
90 56 206
90 57 224
90 58 244
90 59 262
90 60 68
90 61 86
90 62 106
90 63 124
90 64 144
90 65 162
90 66 182
90 67 200
90 68 220
90 69 238
90 70 46
90 71 64
90 72 84
90 73 102
90 74 122
90 75 140
90 76 160
90 77 178
90 78 198
90 79 216
90 80 22
90 81 40
90 82 60
90 83 78
90 84 98
90 85 116
90 86 136
90 87 154
90 88 174
90 89 192
90 90 0
90 91 18
90 92 38
90 93 56
90 94 76
90 95 94
90 96 114
90 97 132
90 98 152
90 99 170
91 0 224
91 1 206
91 2 226
91 3 244
91 4 264
91 5 282
91 6 302
91 7 320
91 8 340
91 9 358
91 10 202
91 11 184
91 12 204
91 13 222
91 14 242
91 15 260
91 16 280
91 17 298
91 18 318
91 19 336
91 20 178
91 21 160
91 22 180
91 23 198
91 24 218
91 25 236
91 26 256
91 27 274
91 28 294
91 29 312
91 30 156
91 31 138
91 32 158
91 33 176
91 34 196
91 35 214
91 36 234
91 37 252
91 38 272
91 39 290
91 40 132
91 41 114
91 42 134
91 43 152
91 44 172
91 45 190
91 46 210
91 47 228
91 48 248
91 49 266
91 50 110
91 51 92
91 52 112
91 53 130
91 54 150
91 55 168
91 56 188
91 57 206
91 58 226
91 59 244
91 60 86
91 61 68
91 62 88
91 63 106
91 64 126
91 65 144
91 66 164
91 67 182
91 68 202
91 69 220
91 70 64
91 71 46
91 72 66
91 73 84
91 74 104
91 75 122
91 76 142
91 77 160
91 78 180
91 79 198
91 80 40
91 81 22
91 82 42
91 83 60
91 84 80
91 85 98
91 86 118
91 87 136
91 88 156
91 89 174
91 90 18
91 91 0
91 92 20
91 93 38
91 94 58
91 95 76
91 96 96
91 97 114
91 98 134
91 99 152
92 0 244
92 1 226
92 2 206
92 3 224
92 4 244
92 5 262
92 6 282
92 7 300
92 8 320
92 9 338
92 10 222
92 11 204
92 12 184
92 13 202
92 14 222
92 15 240
92 16 260
92 17 278
92 18 298
92 19 316
92 20 198
92 21 180
92 22 160
92 23 178
92 24 198
92 25 216
92 26 236
92 27 254
92 28 274
92 29 292
92 30 176
92 31 158
92 32 138
92 33 156
92 34 176
92 35 194
92 36 214
92 37 232
92 38 252
92 39 270
92 40 152
92 41 134
92 42 114
92 43 132
92 44 152
92 45 170
92 46 190
92 47 208
92 48 228
92 49 246
92 50 130
92 51 112
92 52 92
92 53 110
92 54 130
92 55 148
92 56 168
92 57 186
92 58 206
92 59 224
92 60 106
92 61 88
92 62 68
92 63 86
92 64 106
92 65 124
92 66 144
92 67 162
92 68 182
92 69 200
92 70 84
92 71 66
92 72 46
92 73 64
92 74 84
92 75 102
92 76 122
92 77 140
92 78 160
92 79 178
92 80 60
92 81 42
92 82 22
92 83 40
92 84 60
92 85 78
92 86 98
92 87 116
92 88 136
92 89 154
92 90 38
92 91 20
92 92 0
92 93 18
92 94 38
92 95 56
92 96 76
92 97 94
92 98 114
92 99 132
93 0 262
93 1 244
93 2 224
93 3 206
93 4 226
93 5 244
93 6 264
93 7 282
93 8 302
93 9 320
93 10 240
93 11 222
93 12 202
93 13 184
93 14 204
93 15 222
93 16 242
93 17 260
93 18 280
93 19 298
93 20 216
93 21 198
93 22 178
93 23 160
93 24 180
93 25 198
93 26 218
93 27 236
93 28 256
93 29 274
93 30 194
93 31 176
93 32 156
93 33 138
93 34 158
93 35 176
93 36 196
93 37 214
93 38 234
93 39 252
93 40 170
93 41 152
93 42 132
93 43 114
93 44 134
93 45 152
93 46 172
93 47 190
93 48 210
93 49 228
93 50 148
93 51 130
93 52 110
93 53 92
93 54 112
93 55 130
93 56 150
93 57 168
93 58 188
93 59 206
93 60 124
93 61 106
93 62 86
93 63 68
93 64 88
93 65 106
93 66 126
93 67 144
93 68 164
93 69 182
93 70 102
93 71 84
93 72 64
93 73 46
93 74 66
93 75 84
93 76 104
93 77 122
93 78 142
93 79 160
93 80 78
93 81 60
93 82 40
93 83 22
93 84 42
93 85 60
93 86 80
93 87 98
93 88 118
93 89 136
93 90 56
93 91 38
93 92 18
93 93 0
93 94 20
93 95 38
93 96 58
93 97 76
93 98 96
93 99 114
94 0 282
94 1 264
94 2 244
94 3 226
94 4 206
94 5 224
94 6 244
94 7 262
94 8 282
94 9 300
94 10 260
94 11 242
94 12 222
94 13 204
94 14 184
94 15 202
94 16 222
94 17 240
94 18 260
94 19 278
94 20 236
94 21 218
94 22 198
94 23 180
94 24 160
94 25 178
94 26 198
94 27 216
94 28 236
94 29 254
94 30 214
94 31 196
94 32 176
94 33 158
94 34 138
94 35 156
94 36 176
94 37 194
94 38 214
94 39 232
94 40 190
94 41 172
94 42 152
94 43 134
94 44 114
94 45 132
94 46 152
94 47 170
94 48 190
94 49 208
94 50 168
94 51 150
94 52 130
94 53 112
94 54 92
94 55 110
94 56 130
94 57 148
94 58 168
94 59 186
94 60 144
94 61 126
94 62 106
94 63 88
94 64 68
94 65 86
94 66 106
94 67 124
94 68 144
94 69 162
94 70 122
94 71 104
94 72 84
94 73 66
94 74 46
94 75 64
94 76 84
94 77 102
94 78 122
94 79 140
94 80 98
94 81 80
94 82 60
94 83 42
94 84 22
94 85 40
94 86 60
94 87 78
94 88 98
94 89 116
94 90 76
94 91 58
94 92 38
94 93 20
94 94 0
94 95 18
94 96 38
94 97 56
94 98 76
94 99 94
95 0 300
95 1 282
95 2 262
95 3 244
95 4 224
95 5 206
95 6 226
95 7 244
95 8 264
95 9 282
95 10 278
95 11 260
95 12 240
95 13 222
95 14 202
95 15 184
95 16 204
95 17 222
95 18 242
95 19 260
95 20 254
95 21 236
95 22 216
95 23 198
95 24 178
95 25 160
95 26 180
95 27 198
95 28 218
95 29 236
95 30 232
95 31 214
95 32 194
95 33 176
95 34 156
95 35 138
95 36 158
95 37 176
95 38 196
95 39 214
95 40 208
95 41 190
95 42 170
95 43 152
95 44 132
95 45 114
95 46 134
95 47 152
95 48 172
95 49 190
95 50 186
95 51 168
95 52 148
95 53 130
95 54 110
95 55 92
95 56 112
95 57 130
95 58 150
95 59 168
95 60 162
95 61 144
95 62 124
95 63 106
95 64 86
95 65 68
95 66 88
95 67 106
95 68 126
95 69 144
95 70 140
95 71 122
95 72 102
95 73 84
95 74 64
95 75 46
95 76 66
95 77 84
95 78 104
95 79 122
95 80 116
95 81 98
95 82 78
95 83 60
95 84 40
95 85 22
95 86 42
95 87 60
95 88 80
95 89 98
95 90 94
95 91 76
95 92 56
95 93 38
95 94 18
95 95 0
95 96 20
95 97 38
95 98 58
95 99 76
96 0 320
96 1 302
96 2 282
96 3 264
96 4 244
96 5 226
96 6 206
96 7 224
96 8 244
96 9 262
96 10 298
96 11 280
96 12 260
96 13 242
96 14 222
96 15 204
96 16 184
96 17 202
96 18 222
96 19 240
96 20 274
96 21 256
96 22 236
96 23 218
96 24 198
96 25 180
96 26 160
96 27 178
96 28 198
96 29 216
96 30 252
96 31 234
96 32 214
96 33 196
96 34 176
96 35 158
96 36 138
96 37 156
96 38 176
96 39 194
96 40 228
96 41 210
96 42 190
96 43 172
96 44 152
96 45 134
96 46 114
96 47 132
96 48 152
96 49 170
96 50 206
96 51 188
96 52 168
96 53 150
96 54 130
96 55 112
96 56 92
96 57 110
96 58 130
96 59 148
96 60 182
96 61 164
96 62 144
96 63 126
96 64 106
96 65 88
96 66 68
96 67 86
96 68 106
96 69 124
96 70 160
96 71 142
96 72 122
96 73 104
96 74 84
96 75 66
96 76 46
96 77 64
96 78 84
96 79 102
96 80 136
96 81 118
96 82 98
96 83 80
96 84 60
96 85 42
96 86 22
96 87 40
96 88 60
96 89 78
96 90 114
96 91 96
96 92 76
96 93 58
96 94 38
96 95 20
96 96 0
96 97 18
96 98 38
96 99 56
97 0 338
97 1 320
97 2 300
97 3 282
97 4 262
97 5 244
97 6 224
97 7 206
97 8 226
97 9 244
97 10 316
97 11 298
97 12 278
97 13 260
97 14 240
97 15 222
97 16 202
97 17 184
97 18 204
97 19 222
97 20 292
97 21 274
97 22 254
97 23 236
97 24 216
97 25 198
97 26 178
97 27 160
97 28 180
97 29 198
97 30 270
97 31 252
97 32 232
97 33 214
97 34 194
97 35 176
97 36 156
97 37 138
97 38 158
97 39 176
97 40 246
97 41 228
97 42 208
97 43 190
97 44 170
97 45 152
97 46 132
97 47 114
97 48 134
97 49 152
97 50 224
97 51 206
97 52 186
97 53 168
97 54 148
97 55 130
97 56 110
97 57 92
97 58 112
97 59 130
97 60 200
97 61 182
97 62 162
97 63 144
97 64 124
97 65 106
97 66 86
97 67 68
97 68 88
97 69 106
97 70 178
97 71 160
97 72 140
97 73 122
97 74 102
97 75 84
97 76 64
97 77 46
97 78 66
97 79 84
97 80 154
97 81 136
97 82 116
97 83 98
97 84 78
97 85 60
97 86 40
97 87 22
97 88 42
97 89 60
97 90 132
97 91 114
97 92 94
97 93 76
97 94 56
97 95 38
97 96 18
97 97 0
97 98 20
97 99 38
98 0 358
98 1 340
98 2 320
98 3 302
98 4 282
98 5 264
98 6 244
98 7 226
98 8 206
98 9 224
98 10 336
98 11 318
98 12 298
98 13 280
98 14 260
98 15 242
98 16 222
98 17 204
98 18 184
98 19 202
98 20 312
98 21 294
98 22 274
98 23 256
98 24 236
98 25 218
98 26 198
98 27 180
98 28 160
98 29 178
98 30 290
98 31 272
98 32 252
98 33 234
98 34 214
98 35 196
98 36 176
98 37 158
98 38 138
98 39 156
98 40 266
98 41 248
98 42 228
98 43 210
98 44 190
98 45 172
98 46 152
98 47 134
98 48 114
98 49 132
98 50 244
98 51 226
98 52 206
98 53 188
98 54 168
98 55 150
98 56 130
98 57 112
98 58 92
98 59 110
98 60 220
98 61 202
98 62 182
98 63 164
98 64 144
98 65 126
98 66 106
98 67 88
98 68 68
98 69 86
98 70 198
98 71 180
98 72 160
98 73 142
98 74 122
98 75 104
98 76 84
98 77 66
98 78 46
98 79 64
98 80 174
98 81 156
98 82 136
98 83 118
98 84 98
98 85 80
98 86 60
98 87 42
98 88 22
98 89 40
98 90 152
98 91 134
98 92 114
98 93 96
98 94 76
98 95 58
98 96 38
98 97 20
98 98 0
98 99 18
99 0 376
99 1 358
99 2 338
99 3 320
99 4 300
99 5 282
99 6 262
99 7 244
99 8 224
99 9 206
99 10 354
99 11 336
99 12 316
99 13 298
99 14 278
99 15 260
99 16 240
99 17 222
99 18 202
99 19 184
99 20 330
99 21 312
99 22 292
99 23 274
99 24 254
99 25 236
99 26 216
99 27 198
99 28 178
99 29 160
99 30 308
99 31 290
99 32 270
99 33 252
99 34 232
99 35 214
99 36 194
99 37 176
99 38 156
99 39 138
99 40 284
99 41 266
99 42 246
99 43 228
99 44 208
99 45 190
99 46 170
99 47 152
99 48 132
99 49 114
99 50 262
99 51 244
99 52 224
99 53 206
99 54 186
99 55 168
99 56 148
99 57 130
99 58 110
99 59 92
99 60 238
99 61 220
99 62 200
99 63 182
99 64 162
99 65 144
99 66 124
99 67 106
99 68 86
99 69 68
99 70 216
99 71 198
99 72 178
99 73 160
99 74 140
99 75 122
99 76 102
99 77 84
99 78 64
99 79 46
99 80 192
99 81 174
99 82 154
99 83 136
99 84 116
99 85 98
99 86 78
99 87 60
99 88 40
99 89 22
99 90 170
99 91 152
99 92 132
99 93 114
99 94 94
99 95 76
99 96 56
99 97 38
99 98 18
99 99 0
