Resultado Solver 

Instance: AAD_PMEDcap_25_5.txt

Time: 0.2635185718536377

Valor da Função Objetivo:  1100.0
Medianas escolhidas:  [1, 9, 10, 18, 21]
Mediana para cada vértice:  [[1], [1], [1], [1], [9], [10], [1], [9], [9], [9], [10], [10], [10], [18], [9], [10], [21], [18], [18], [18], [21], [21], [21], [18], [18]]

Instance: AAD_PMEDcap_25_7.txt

Time: 0.5713279247283936

Valor da Função Objetivo:  878.0
Medianas escolhidas:  [1, 6, 9, 13, 15, 19, 22]
Mediana para cada vértice:  [[1], [1], [1], [13], [9], [6], [6], [6], [9], [9], [15], [6], [13], [13], [13], [15], [15], [22], [19], [19], [15], [22], [22], [22], [19]]

Instance: AAD_PMEDcap_49_9.txt

Time: 10.24878978729248

Valor da Função Objetivo:  1518.0
Medianas escolhidas:  [3, 6, 8, 19, 23, 32, 36, 41, 45]
Mediana para cada vértice:  [[8], [8], [3], [3], [3], [6], [6], [8], [8], [8], [3], [19], [19], [6], [8], [8], [23], [23], [19], [19], [19], [23], [23], [23], [23], [32], [19], [19], [36], [36], [23], [32], [32], [32], [41], [36], [36], [36], [45], [32], [41], [41], [36], [36], [45], [45], [45], [45], [41]]

Instance: AAD_PMEDcap_49_14.txt

Time: 5.835920333862305

Valor da Função Objetivo:  1072.0
Medianas escolhidas:  [0, 3, 6, 10, 13, 15, 18, 25, 28, 30, 34, 38, 43, 47]
Mediana para cada vértice:  [[0], [0], [3], [3], [3], [6], [6], [0], [15], [10], [10], [10], [13], [13], [15], [15], [15], [18], [18], [18], [13], [28], [15], [30], [25], [25], [25], [34], [28], [28], [30], [30], [25], [34], [34], [28], [43], [38], [38], [38], [47], [34], [43], [43], [43], [38], [47], [47], [47]]

Instance: AAD_PMEDcap_80_16.txt

Time: 3602.7393069267273

Valor da Função Objetivo:  1880.0
Medianas escolhidas:  [3, 6, 9, 10, 15, 16, 22, 28, 32, 36, 44, 51, 58, 65, 72, 77]
Mediana para cada vértice:  [[10], [3], [3], [3], [3], [6], [3], [6], [9], [9], [10], [10], [22], [3], [15], [15], [16], [16], [28], [28], [10], [22], [22], [22], [22], [36], [16], [28], [28], [28], [32], [32], [32], [32], [32], [36], [36], [36], [28], [28], [51], [51], [32], [44], [44], [44], [36], [58], [58], [58], [51], [51], [51], [51], [44], [65], [58], [58], [58], [58], [51], [51], [72], [65], [65], [65], [65], [77], [58], [58], [72], [72], [72], [72], [72], [65], [77], [77], [77], [77]]

Instance: AAD_PMEDcap_80_24.txt

Time: 3600.52197766304

Valor da Função Objetivo:  1646.0
Medianas escolhidas:  [1, 4, 5, 6, 7, 9, 13, 14, 17, 19, 21, 24, 27, 32, 36, 38, 40, 44, 53, 57, 61, 65, 73, 78]
Mediana para cada vértice:  [[1], [1], [1], [4], [1], [4], [5], [6], [7], [9], [21], [21], [13], [13], [13], [14], [17], [27], [38], [19], [21], [21], [21], [24], [21], [24], [27], [27], [27], [19], [40], [32], [32], [32], [24], [36], [36], [38], [38], [38], [40], [40], [32], [44], [44], [44], [36], [57], [38], [38], [40], [61], [53], [53], [53], [65], [57], [57], [57], [57], [61], [61], [61], [73], [65], [65], [65], [57], [78], [78], [61], [61], [73], [73], [73], [65], [78], [78], [78], [78]]

Instance: AAD_PMEDcap_90_18.txt

Time: 3604.501798391342

Valor da Função Objetivo:  2001.0
Medianas escolhidas:  [4, 7, 9, 11, 15, 16, 23, 25, 28, 41, 46, 49, 54, 62, 68, 75, 81, 87]
Mediana para cada vértice:  [[11], [11], [4], [4], [4], [4], [7], [7], [9], [9], [11], [11], [11], [23], [15], [15], [16], [16], [28], [28], [11], [11], [23], [23], [23], [23], [25], [28], [28], [28], [41], [41], [23], [23], [25], [25], [46], [46], [28], [49], [41], [41], [41], [41], [54], [46], [46], [46], [49], [49], [41], [41], [62], [54], [54], [54], [46], [46], [68], [49], [62], [62], [62], [62], [62], [75], [68], [68], [68], [68], [81], [81], [62], [75], [75], [75], [75], [87], [68], [68], [81], [81], [81], [81], [75], [75], [87], [87], [87], [87]]

Instance: AAD_PMEDcap_90_27.txt

Time: 3600.9118599891663

Valor da Função Objetivo:  1797.0
Medianas escolhidas:  [3, 9, 11, 14, 15, 16, 17, 18, 19, 23, 26, 27, 29, 33, 38, 41, 45, 48, 54, 55, 62, 67, 70, 74, 79, 82, 86]
Mediana para cada vértice:  [[11], [11], [3], [3], [3], [15], [16], [9], [18], [19], [11], [11], [11], [14], [14], [11], [17], [27], [29], [38], [11], [11], [23], [23], [23], [26], [26], [27], [29], [29], [41], [41], [33], [33], [33], [45], [26], [38], [38], [38], [41], [41], [41], [33], [54], [45], [48], [48], [48], [48], [41], [41], [62], [54], [54], [55], [55], [67], [48], [48], [70], [62], [62], [62], [74], [55], [67], [67], [67], [79], [70], [70], [82], [74], [74], [74], [86], [67], [79], [79], [70], [82], [82], [82], [74], [86], [86], [86], [86], [79]]

Instance: AAD_PMEDcap_100_20.txt

Time: 3606.07878947258

Valor da Função Objetivo:  2064.0
Medianas escolhidas:  [1, 7, 9, 13, 15, 20, 27, 29, 33, 35, 41, 48, 54, 60, 66, 73, 78, 81, 85, 97]
Mediana para cada vértice:  [[1], [1], [1], [13], [13], [15], [7], [7], [9], [9], [20], [1], [13], [13], [13], [35], [15], [27], [29], [29], [20], [20], [20], [33], [33], [27], [27], [27], [29], [29], [20], [41], [33], [33], [33], [35], [35], [27], [48], [29], [41], [41], [41], [41], [54], [35], [48], [48], [48], [48], [60], [41], [41], [54], [54], [54], [66], [48], [48], [48], [60], [60], [60], [73], [54], [66], [66], [66], [78], [78], [60], [81], [73], [73], [73], [85], [66], [78], [78], [78], [81], [81], [81], [73], [85], [85], [85], [97], [78], [78], [81], [81], [81], [73], [85], [85], [97], [97], [97], [97]]

Instance: AAD_PMEDcap_100_30.txt

Time: 3600.7821485996246

Valor da Função Objetivo:  1776.0
Medianas escolhidas:  [1, 5, 7, 13, 14, 16, 17, 19, 21, 24, 26, 27, 29, 33, 36, 40, 44, 48, 52, 56, 61, 65, 69, 73, 77, 80, 85, 89, 93, 97]
Mediana para cada vértice:  [[1], [1], [1], [13], [1], [5], [16], [17], [7], [19], [1], [1], [13], [13], [13], [14], [24], [27], [48], [29], [21], [21], [21], [13], [21], [26], [26], [27], [29], [29], [40], [21], [33], [33], [33], [36], [36], [36], [48], [29], [40], [40], [52], [33], [44], [44], [56], [48], [48], [48], [40], [52], [52], [52], [44], [56], [56], [56], [48], [69], [61], [61], [61], [73], [65], [65], [65], [77], [69], [69], [80], [61], [73], [73], [73], [65], [77], [77], [77], [69], [80], [80], [80], [93], [85], [85], [85], [97], [89], [89], [80], [93], [93], [93], [93], [85], [97], [97], [97], [89]]