n instance value time
1 ADD_PMEDcap_25_5 1100 28.623245299968403
2 ADD_PMEDcap_25_5 1141 30.406351000012364
3 ADD_PMEDcap_25_5 1161 28.871837300015613
4 ADD_PMEDcap_25_5 1210 30.75287510000635
5 ADD_PMEDcap_25_5 1100 28.4850851999945
6 ADD_PMEDcap_25_5 1100 29.53929440001957
7 ADD_PMEDcap_25_5 1100 27.832539799972437
8 ADD_PMEDcap_25_5 1141 30.118255500041414
9 ADD_PMEDcap_25_5 1100 29.20986180001637
10 ADD_PMEDcap_25_5 1169 29.534578799968585

1 ADD_PMEDcap_25_7 910 30.83264129998861
2 ADD_PMEDcap_25_7 920 33.59196470002644
3 ADD_PMEDcap_25_7 887 37.760014900006354
4 ADD_PMEDcap_25_7 910 32.79101340001216
5 ADD_PMEDcap_25_7 878 32.03048100002343
6 ADD_PMEDcap_25_7 910 32.991899099957664
7 ADD_PMEDcap_25_7 913 33.76344889996108
8 ADD_PMEDcap_25_7 910 32.02749139996013
9 ADD_PMEDcap_25_7 910 33.717098299995996
10 ADD_PMEDcap_25_7 921 33.989608599978965

1 ADD_PMEDcap_49_9 1578 195.48277649999363
2 ADD_PMEDcap_49_9 1581 211.1934568999568
3 ADD_PMEDcap_49_9 1548 236.40718310000375
4 ADD_PMEDcap_49_9 1584 236.95693970000139
5 ADD_PMEDcap_49_9 1590 252.9943022999796
6 ADD_PMEDcap_49_9 1630 251.41826639999636
7 ADD_PMEDcap_49_9 1612 244.8096222000313
8 ADD_PMEDcap_49_9 1555 255.3249018000206
9 ADD_PMEDcap_49_9 1581 243.75716040004045
10 ADD_PMEDcap_49_9 1532 248.2118178999517

1 ADD_PMEDcap_49_14 1157 332.0892719000112
2 ADD_PMEDcap_49_14 1152 324.66979860002175
3 ADD_PMEDcap_49_14 1163 330.44321459997445
4 ADD_PMEDcap_49_14 1108 329.88193690002663
5 ADD_PMEDcap_49_14 1147 335.1110408999957
6 ADD_PMEDcap_49_14 1164 328.0803653000039
7 ADD_PMEDcap_49_14 1149 320.65716270002304
8 ADD_PMEDcap_49_14 1150 338.9647847999586
9 ADD_PMEDcap_49_14 1125 342.76632779999636
10 ADD_PMEDcap_49_14 1132 336.5256010000012

1 ADD_PMEDcap_80_16 1948 1034.9810944999917
2 ADD_PMEDcap_80_16 1970 1059.9118632000173
3 ADD_PMEDcap_80_16 1934 1094.3629030999728
4 ADD_PMEDcap_80_16 2015 1123.7666258999961
5 ADD_PMEDcap_80_16 1868 999.1541867000051
6 ADD_PMEDcap_80_16 1884 1056.269386800006
7 ADD_PMEDcap_80_16 1987 1050.6943535999744
8 ADD_PMEDcap_80_16 1924 1077.8849839000031
9 ADD_PMEDcap_80_16 1922 1011.6922380999895
10 ADD_PMEDcap_80_16 1868 1047.7401524999877

1 ADD_PMEDcap_80_24 1556 1089.6567366999807
2 ADD_PMEDcap_80_24 1558 1091.8284785000142
3 ADD_PMEDcap_80_24 1562 1034.2751242999802
4 ADD_PMEDcap_80_24 1554 1125.7508500999538
5 ADD_PMEDcap_80_24 1578 1055.692894399981
6 ADD_PMEDcap_80_24 1565 1121.4742646000232
7 ADD_PMEDcap_80_24 1583 1117.875381299993
8 ADD_PMEDcap_80_24 1578 1086.2869399000192
9 ADD_PMEDcap_80_24 1566 1036.1351394999656
10 ADD_PMEDcap_80_24 1529 1067.606052899966

1 ADD_PMEDcap_90_18 2054 1490.5550303999917
2 ADD_PMEDcap_90_18 2058 1474.7452600999968
3 ADD_PMEDcap_90_18 2060 1420.2951844999916
4 ADD_PMEDcap_90_18 2046 1185.422916600015
5 ADD_PMEDcap_90_18 2089 1224.6183922999771
6 ADD_PMEDcap_90_18 2062 1184.4801962999627
7 ADD_PMEDcap_90_18 1955 1221.511547299975
8 ADD_PMEDcap_90_18 2043 1237.8909480999573
9 ADD_PMEDcap_90_18 2052 1389.4544424000196
10 ADD_PMEDcap_90_18 2044 1238.6855245000334

1 ADD_PMEDcap_90_27 1713 1310.449640900013
2 ADD_PMEDcap_90_27 1663 1243.574932700023
3 ADD_PMEDcap_90_27 1694 1266.9917458000127
4 ADD_PMEDcap_90_27 1663 1218.2364287999808
5 ADD_PMEDcap_90_27 1656 1286.037242099992
6 ADD_PMEDcap_90_27 1627 1246.152407000016
7 ADD_PMEDcap_90_27 1627 1323.0991445999825
8 ADD_PMEDcap_90_27 1680 1292.6895481999964
9 ADD_PMEDcap_90_27 1656 1292.6485819999943
10 ADD_PMEDcap_90_27 1671 1213.342921500036

1 ADD_PMEDcap_100_20 2178 1800.2826852
2 ADD_PMEDcap_100_20 2106 1821.4912318000002
3 ADD_PMEDcap_100_20 2148 1754.8937925
4 ADD_PMEDcap_100_20 2190 1809.5369354000004
5 ADD_PMEDcap_100_20 2126 1712.6486351000003
6 ADD_PMEDcap_100_20 2130 1753.7259894999988
7 ADD_PMEDcap_100_20 2188 1722.2060332
8 ADD_PMEDcap_100_20 2178 1820.3774670999992
9 ADD_PMEDcap_100_20 2140 1749.877201899999
10 ADD_PMEDcap_100_20 2176 1767.5659717000017

1 ADD_PMEDcap_100_30 1760 1862.1648289000004
2 ADD_PMEDcap_100_30 1704 1920.9169298999986
3 ADD_PMEDcap_100_30 1726 2134.6464183999997
4 ADD_PMEDcap_100_30 1700 2223.2568642000006
5 ADD_PMEDcap_100_30 1730 2331.7936504000027
6 ADD_PMEDcap_100_30 1730 2309.5972137999997
7 ADD_PMEDcap_100_30 1730 2156.5920878000034
8 ADD_PMEDcap_100_30 1712 1736.3271021000037
9 ADD_PMEDcap_100_30 1726 1765.2479959000048
10 ADD_PMEDcap_100_30 1714 1697.4233316000027

