ADD_PMEDcap_25_5
1 Equipments:	[0, 1, 0, 0, 0, 0, 0, 0, 0, 1, 1, 0, 0, 0, 0, 0, 0, 0, 1, 0, 0, 1, 0, 0, 0]
Coverage:	[1, 1, 1, 1, 9, 10, 1, 9, 9, 9, 10, 10, 10, 18, 9, 10, 21, 18, 18, 18, 21, 21, 21, 18, 18]
Rem. cap.:	[0, 26, 0, 0, 0, 0, 0, 0, 0, 26, 76, 0, 0, 0, 0, 0, 0, 0, 105, 0, 0, 117, 0, 0, 0]
2 Equipments:	[0, 1, 0, 0, 0, 0, 0, 0, 0, 1, 0, 0, 1, 0, 0, 0, 1, 0, 0, 0, 0, 0, 0, 1, 0]
Coverage:	[1, 1, 1, 1, 9, 1, 1, 12, 9, 9, 12, 12, 12, 12, 9, 16, 16, 16, 23, 23, 16, 16, 23, 23, 23]
Rem. cap.:	[0, 20, 0, 0, 0, 0, 0, 0, 0, 89, 0, 0, 19, 0, 0, 0, 78, 0, 0, 0, 0, 0, 0, 144, 0]
3 Equipments:	[0, 0, 1, 0, 0, 0, 1, 0, 0, 1, 0, 0, 0, 0, 0, 1, 0, 0, 1, 0, 0, 0, 0, 0, 0]
Coverage:	[2, 2, 2, 2, 9, 6, 6, 6, 9, 9, 15, 6, 6, 18, 9, 15, 15, 18, 18, 18, 15, 15, 18, 18, 18]
Rem. cap.:	[0, 0, 32, 0, 0, 0, 19, 0, 0, 89, 0, 0, 0, 0, 0, 110, 0, 0, 100, 0, 0, 0, 0, 0, 0]
4 Equipments:	[0, 1, 0, 0, 0, 0, 0, 0, 1, 0, 0, 0, 0, 0, 0, 0, 1, 1, 0, 0, 0, 0, 0, 0, 1]
Coverage:	[1, 1, 1, 8, 1, 1, 1, 8, 8, 8, 16, 16, 17, 8, 8, 16, 16, 17, 17, 24, 16, 16, 17, 24, 24]
Rem. cap.:	[0, 20, 0, 0, 0, 0, 0, 0, 20, 0, 0, 0, 0, 0, 0, 0, 72, 83, 0, 0, 0, 0, 0, 0, 155]
5 Equipments:	[0, 1, 0, 0, 0, 0, 0, 0, 0, 1, 1, 0, 0, 0, 0, 0, 0, 0, 1, 0, 0, 1, 0, 0, 0]
Coverage:	[1, 1, 1, 1, 9, 10, 1, 9, 9, 9, 10, 10, 10, 18, 9, 10, 21, 18, 18, 18, 21, 21, 21, 18, 18]
Rem. cap.:	[0, 26, 0, 0, 0, 0, 0, 0, 0, 26, 76, 0, 0, 0, 0, 0, 0, 0, 105, 0, 0, 117, 0, 0, 0]
6 Equipments:	[0, 1, 0, 0, 0, 0, 0, 0, 0, 1, 1, 0, 0, 0, 0, 0, 0, 0, 1, 0, 0, 1, 0, 0, 0]
Coverage:	[1, 1, 1, 1, 9, 10, 1, 9, 9, 9, 10, 10, 10, 18, 9, 10, 21, 18, 18, 18, 21, 21, 21, 18, 18]
Rem. cap.:	[0, 26, 0, 0, 0, 0, 0, 0, 0, 26, 76, 0, 0, 0, 0, 0, 0, 0, 105, 0, 0, 117, 0, 0, 0]
7 Equipments:	[0, 1, 0, 0, 0, 0, 0, 0, 0, 1, 1, 0, 0, 0, 0, 0, 0, 0, 1, 0, 0, 1, 0, 0, 0]
Coverage:	[1, 1, 1, 1, 9, 10, 1, 9, 9, 9, 10, 10, 10, 18, 9, 10, 21, 18, 18, 18, 21, 21, 21, 18, 18]
Rem. cap.:	[0, 26, 0, 0, 0, 0, 0, 0, 0, 26, 76, 0, 0, 0, 0, 0, 0, 0, 105, 0, 0, 117, 0, 0, 0]
8 Equipments:	[0, 1, 0, 0, 0, 0, 0, 0, 0, 1, 0, 0, 1, 0, 0, 0, 0, 0, 1, 0, 0, 1, 0, 0, 0]
Coverage:	[1, 1, 1, 1, 9, 1, 1, 12, 9, 9, 12, 12, 12, 12, 9, 21, 21, 18, 18, 18, 21, 21, 21, 18, 18]
Rem. cap.:	[0, 20, 0, 0, 0, 0, 0, 0, 0, 89, 0, 0, 19, 0, 0, 0, 0, 0, 111, 0, 0, 111, 0, 0, 0]
9 Equipments:	[0, 1, 0, 0, 0, 0, 0, 0, 0, 1, 1, 0, 0, 0, 0, 0, 0, 0, 1, 0, 0, 1, 0, 0, 0]
Coverage:	[1, 1, 1, 1, 9, 10, 1, 9, 9, 9, 10, 10, 10, 18, 9, 10, 21, 18, 18, 18, 21, 21, 21, 18, 18]
Rem. cap.:	[0, 26, 0, 0, 0, 0, 0, 0, 0, 26, 76, 0, 0, 0, 0, 0, 0, 0, 105, 0, 0, 117, 0, 0, 0]
10 Equipments:	[0, 0, 1, 0, 0, 1, 0, 0, 0, 1, 0, 0, 0, 0, 0, 0, 1, 0, 1, 0, 0, 0, 0, 0, 0]
Coverage:	[5, 2, 2, 2, 9, 5, 5, 5, 9, 9, 5, 16, 18, 18, 9, 16, 16, 16, 18, 18, 16, 16, 16, 18, 18]
Rem. cap.:	[0, 0, 38, 0, 0, 83, 0, 0, 0, 89, 0, 0, 0, 0, 0, 0, 35, 0, 105, 0, 0, 0, 0, 0, 0]

ADD_PMEDcap_25_7
1 Equipments:	[0, 1, 0, 1, 0, 0, 1, 0, 0, 1, 0, 1, 0, 0, 0, 0, 0, 0, 1, 0, 0, 1, 0, 0, 0]
Coverage:	[1, 1, 1, 3, 9, 6, 6, 6, 9, 9, 11, 11, 11, 18, 9, 21, 21, 18, 18, 18, 21, 21, 21, 18, 18]
Rem. cap.:	[0, 46, 0, 58, 0, 0, 46, 0, 0, 40, 0, 39, 0, 0, 0, 0, 0, 0, 56, 0, 0, 62, 0, 0, 0]
2 Equipments:	[0, 1, 0, 0, 0, 0, 1, 0, 1, 0, 0, 1, 0, 0, 1, 0, 1, 0, 0, 0, 0, 0, 0, 1, 0]
Coverage:	[1, 1, 1, 8, 14, 6, 6, 6, 8, 14, 11, 11, 11, 14, 14, 16, 16, 16, 23, 14, 16, 16, 23, 23, 23]
Rem. cap.:	[0, 46, 0, 0, 0, 0, 46, 0, 52, 0, 0, 39, 0, 0, 35, 0, 29, 0, 0, 0, 0, 0, 0, 100, 0]
3 Equipments:	[0, 1, 0, 1, 0, 0, 0, 0, 0, 1, 1, 0, 1, 0, 0, 0, 0, 0, 1, 0, 0, 1, 0, 0, 0]
Coverage:	[1, 1, 1, 3, 9, 10, 1, 12, 9, 9, 10, 10, 12, 12, 9, 10, 21, 18, 18, 18, 21, 21, 21, 18, 18]
Rem. cap.:	[0, 40, 0, 58, 0, 0, 0, 0, 0, 40, 65, 0, 14, 0, 0, 0, 0, 0, 62, 0, 0, 68, 0, 0, 0]
4 Equipments:	[0, 1, 0, 1, 0, 0, 1, 0, 0, 1, 0, 1, 0, 0, 0, 0, 0, 0, 1, 0, 0, 1, 0, 0, 0]
Coverage:	[1, 1, 1, 3, 9, 6, 6, 6, 9, 9, 11, 11, 11, 18, 9, 21, 21, 18, 18, 18, 21, 21, 21, 18, 18]
Rem. cap.:	[0, 46, 0, 58, 0, 0, 46, 0, 0, 40, 0, 39, 0, 0, 0, 0, 0, 0, 56, 0, 0, 62, 0, 0, 0]
5 Equipments:	[0, 1, 0, 0, 0, 0, 1, 0, 0, 1, 0, 0, 0, 1, 0, 1, 0, 0, 0, 1, 0, 0, 1, 0, 0]
Coverage:	[1, 1, 1, 13, 9, 6, 6, 6, 9, 9, 15, 6, 13, 13, 13, 15, 15, 22, 19, 19, 15, 22, 22, 22, 19]
Rem. cap.:	[0, 46, 0, 0, 0, 0, 8, 0, 0, 46, 0, 0, 0, 8, 0, 66, 0, 0, 0, 105, 0, 0, 68, 0, 0]
6 Equipments:	[0, 1, 0, 0, 0, 0, 1, 0, 1, 0, 0, 1, 0, 0, 1, 0, 1, 0, 0, 0, 0, 0, 0, 1, 0]
Coverage:	[1, 1, 1, 8, 14, 6, 6, 6, 8, 8, 11, 11, 11, 14, 14, 16, 16, 16, 23, 14, 16, 16, 23, 23, 23]
Rem. cap.:	[0, 46, 0, 0, 0, 0, 46, 0, 46, 0, 0, 39, 0, 0, 41, 0, 29, 0, 0, 0, 0, 0, 0, 100, 0]
7 Equipments:	[0, 1, 0, 1, 0, 0, 1, 0, 0, 1, 0, 0, 1, 0, 0, 1, 0, 0, 0, 0, 0, 0, 0, 1, 0]
Coverage:	[1, 1, 1, 3, 9, 6, 6, 6, 9, 9, 15, 12, 12, 12, 9, 15, 15, 12, 23, 23, 15, 23, 23, 23, 23]
Rem. cap.:	[0, 46, 0, 58, 0, 0, 46, 0, 0, 40, 0, 0, 1, 0, 0, 66, 0, 0, 0, 0, 0, 0, 0, 90, 0]
8 Equipments:	[0, 1, 0, 1, 0, 0, 1, 0, 0, 1, 0, 1, 0, 0, 0, 0, 0, 0, 1, 0, 0, 1, 0, 0, 0]
Coverage:	[1, 1, 1, 3, 9, 6, 6, 6, 9, 9, 11, 11, 11, 18, 9, 21, 21, 18, 18, 18, 21, 21, 21, 18, 18]
Rem. cap.:	[0, 46, 0, 58, 0, 0, 46, 0, 0, 40, 0, 39, 0, 0, 0, 0, 0, 0, 56, 0, 0, 62, 0, 0, 0]
9 Equipments:	[0, 1, 0, 1, 0, 0, 1, 0, 0, 1, 0, 1, 0, 0, 0, 0, 0, 0, 1, 0, 0, 1, 0, 0, 0]
Coverage:	[1, 1, 1, 3, 9, 6, 6, 6, 9, 9, 11, 11, 11, 18, 9, 21, 21, 18, 18, 18, 21, 21, 21, 18, 18]
Rem. cap.:	[0, 46, 0, 58, 0, 0, 46, 0, 0, 40, 0, 39, 0, 0, 0, 0, 0, 0, 56, 0, 0, 62, 0, 0, 0]
10 Equipments:	[0, 1, 0, 0, 0, 0, 1, 0, 0, 1, 0, 0, 0, 1, 0, 1, 0, 0, 1, 0, 0, 0, 0, 1, 0]
Coverage:	[1, 1, 1, 13, 9, 6, 6, 6, 9, 9, 15, 6, 13, 13, 9, 15, 15, 18, 18, 18, 15, 15, 23, 23, 23]
Rem. cap.:	[0, 46, 0, 0, 0, 0, 8, 0, 0, 40, 0, 0, 0, 14, 0, 61, 0, 0, 72, 0, 0, 0, 0, 106, 0]

ADD_PMEDcap_49_9
1 Equipments:	[0, 1, 0, 0, 0, 1, 0, 0, 0, 0, 1, 0, 0, 0, 0, 1, 0, 0, 0, 1, 0, 0, 0, 0, 1, 0, 0, 0, 0, 0, 0, 0, 0, 0, 0, 0, 1, 0, 0, 0, 1, 0, 0, 0, 0, 1, 0, 0, 0]
Coverage:	[1, 1, 1, 10, 5, 5, 5, 15, 1, 10, 10, 10, 19, 19, 15, 15, 15, 24, 19, 19, 19, 36, 15, 24, 24, 24, 19, 19, 36, 36, 36, 24, 40, 40, 40, 36, 36, 36, 45, 40, 40, 40, 36, 36, 45, 45, 45, 40, 40]
Rem. cap.:	[0, 78, 0, 0, 0, 10, 0, 0, 0, 0, 6, 0, 0, 0, 0, 75, 0, 0, 0, 21, 0, 0, 0, 0, 2, 0, 0, 0, 0, 0, 0, 0, 0, 0, 0, 0, 41, 0, 0, 0, 44, 0, 0, 0, 0, 69, 0, 0, 0]
2 Equipments:	[0, 1, 0, 0, 0, 1, 0, 0, 0, 0, 0, 0, 1, 0, 0, 0, 1, 0, 0, 0, 0, 0, 0, 0, 0, 1, 0, 0, 0, 1, 0, 0, 0, 0, 0, 0, 1, 0, 0, 0, 1, 0, 0, 0, 0, 1, 0, 0, 0]
Coverage:	[1, 1, 1, 1, 5, 5, 5, 1, 1, 16, 16, 12, 12, 12, 16, 16, 16, 16, 25, 12, 12, 29, 29, 16, 25, 25, 25, 25, 29, 29, 29, 29, 25, 40, 40, 36, 36, 36, 45, 40, 40, 40, 36, 36, 45, 45, 40, 40, 40]
Rem. cap.:	[0, 46, 0, 0, 0, 10, 0, 0, 0, 0, 0, 0, 3, 0, 0, 0, 6, 0, 0, 0, 0, 0, 0, 0, 0, 36, 0, 0, 0, 50, 0, 0, 0, 0, 0, 0, 66, 0, 0, 0, 57, 0, 0, 0, 0, 72, 0, 0, 0]
3 Equipments:	[0, 0, 1, 0, 0, 1, 0, 0, 0, 0, 0, 0, 1, 0, 0, 1, 0, 0, 0, 0, 0, 0, 0, 0, 0, 1, 0, 0, 0, 0, 1, 0, 0, 0, 0, 0, 1, 0, 0, 0, 1, 0, 0, 0, 0, 1, 0, 0, 0]
Coverage:	[2, 2, 2, 2, 5, 5, 5, 15, 15, 2, 2, 12, 12, 12, 15, 15, 15, 15, 25, 12, 12, 15, 15, 30, 25, 25, 25, 25, 30, 30, 30, 30, 25, 40, 40, 36, 36, 36, 45, 40, 40, 40, 36, 36, 45, 45, 45, 40, 40]
Rem. cap.:	[0, 0, 22, 0, 0, 10, 0, 0, 0, 0, 0, 0, 3, 0, 0, 40, 0, 0, 0, 0, 0, 0, 0, 0, 0, 36, 0, 0, 0, 0, 40, 0, 0, 0, 0, 0, 66, 0, 0, 0, 60, 0, 0, 0, 0, 69, 0, 0, 0]
4 Equipments:	[0, 0, 1, 0, 0, 1, 0, 0, 0, 0, 0, 0, 1, 0, 0, 1, 0, 0, 0, 0, 0, 0, 0, 0, 0, 1, 0, 0, 1, 0, 1, 0, 0, 0, 0, 0, 0, 0, 0, 0, 1, 0, 0, 0, 1, 0, 0, 0, 0]
Coverage:	[2, 2, 2, 2, 5, 5, 5, 15, 15, 2, 2, 12, 12, 12, 15, 15, 15, 15, 25, 12, 12, 28, 15, 30, 25, 25, 25, 25, 28, 30, 30, 30, 25, 40, 40, 28, 30, 44, 30, 40, 40, 40, 44, 44, 44, 44, 44, 40, 40]
Rem. cap.:	[0, 0, 22, 0, 0, 10, 0, 0, 0, 0, 0, 0, 3, 0, 0, 43, 0, 0, 0, 0, 0, 0, 0, 0, 0, 36, 0, 0, 85, 0, 24, 0, 0, 0, 0, 0, 0, 0, 0, 0, 60, 0, 0, 0, 63, 0, 0, 0, 0]
5 Equipments:	[0, 0, 0, 0, 1, 0, 0, 0, 1, 0, 0, 0, 0, 1, 0, 1, 0, 0, 1, 0, 0, 0, 0, 0, 0, 1, 0, 0, 0, 1, 0, 0, 0, 0, 0, 0, 0, 0, 0, 0, 1, 0, 0, 0, 1, 0, 0, 0, 0]
Coverage:	[8, 8, 4, 4, 4, 4, 13, 8, 8, 8, 8, 18, 13, 13, 15, 15, 15, 18, 18, 18, 13, 29, 29, 25, 25, 25, 25, 25, 29, 29, 29, 29, 25, 40, 40, 29, 29, 44, 40, 40, 40, 40, 44, 44, 44, 44, 44, 40, 40]
Rem. cap.:	[0, 0, 0, 0, 6, 0, 0, 0, 46, 0, 0, 0, 0, 7, 0, 82, 0, 0, 30, 0, 0, 0, 0, 0, 0, 24, 0, 0, 0, 44, 0, 0, 0, 0, 0, 0, 0, 0, 0, 0, 44, 0, 0, 0, 63, 0, 0, 0, 0]
6 Equipments:	[0, 0, 1, 0, 0, 1, 0, 0, 1, 0, 1, 0, 0, 0, 0, 0, 0, 0, 0, 1, 0, 0, 0, 1, 0, 0, 0, 0, 0, 0, 0, 0, 0, 0, 0, 0, 1, 0, 1, 0, 1, 0, 0, 0, 0, 0, 0, 0, 0]
Coverage:	[2, 2, 2, 2, 5, 5, 5, 8, 8, 8, 10, 10, 19, 19, 8, 8, 23, 10, 19, 19, 19, 23, 23, 23, 23, 19, 19, 19, 36, 36, 23, 38, 40, 40, 40, 36, 36, 36, 38, 40, 40, 40, 36, 36, 36, 38, 40, 40, 40]
Rem. cap.:	[0, 0, 54, 0, 0, 10, 0, 0, 74, 0, 10, 0, 0, 0, 0, 0, 0, 0, 0, 5, 0, 0, 0, 36, 0, 0, 0, 0, 0, 0, 0, 0, 0, 0, 0, 0, 57, 0, 59, 0, 41, 0, 0, 0, 0, 0, 0, 0, 0]
7 Equipments:	[0, 1, 0, 0, 0, 1, 0, 0, 0, 0, 1, 0, 0, 0, 0, 1, 0, 0, 0, 0, 1, 0, 0, 0, 0, 1, 0, 0, 0, 0, 0, 1, 0, 0, 0, 0, 1, 0, 0, 0, 1, 0, 0, 0, 0, 0, 0, 0, 0]
Coverage:	[1, 1, 1, 1, 5, 5, 20, 15, 1, 10, 10, 10, 5, 20, 15, 15, 15, 10, 25, 20, 20, 15, 15, 25, 25, 25, 25, 20, 36, 36, 31, 31, 31, 40, 40, 36, 36, 36, 31, 40, 40, 40, 36, 36, 36, 31, 40, 40, 40]
Rem. cap.:	[0, 50, 0, 0, 0, 10, 0, 0, 0, 0, 6, 0, 0, 0, 0, 72, 0, 0, 0, 0, 28, 0, 0, 0, 0, 39, 0, 0, 0, 0, 0, 27, 0, 0, 0, 0, 57, 0, 0, 0, 57, 0, 0, 0, 0, 0, 0, 0, 0]
8 Equipments:	[0, 0, 0, 0, 1, 0, 0, 0, 1, 0, 0, 0, 0, 1, 0, 0, 0, 0, 1, 0, 0, 0, 0, 1, 0, 0, 0, 0, 0, 0, 0, 0, 0, 1, 0, 0, 1, 0, 0, 0, 1, 0, 0, 0, 0, 1, 0, 0, 0]
Coverage:	[8, 8, 8, 4, 4, 4, 13, 8, 8, 8, 8, 18, 13, 13, 8, 8, 23, 18, 18, 18, 13, 23, 23, 23, 23, 18, 33, 33, 36, 36, 23, 33, 33, 33, 33, 36, 36, 36, 45, 40, 40, 40, 36, 36, 45, 45, 45, 45, 40]
Rem. cap.:	[0, 0, 0, 0, 10, 0, 0, 0, 34, 0, 0, 0, 0, 7, 0, 0, 0, 0, 14, 0, 0, 0, 0, 36, 0, 0, 0, 0, 0, 0, 0, 0, 0, 50, 0, 0, 60, 0, 0, 0, 69, 0, 0, 0, 0, 66, 0, 0, 0]
9 Equipments:	[0, 0, 1, 0, 0, 0, 1, 0, 0, 1, 0, 0, 0, 0, 0, 0, 0, 0, 0, 1, 0, 1, 0, 0, 0, 0, 0, 0, 0, 0, 0, 1, 0, 0, 0, 0, 1, 0, 0, 0, 1, 0, 0, 0, 0, 1, 0, 0, 0]
Coverage:	[2, 2, 2, 2, 2, 6, 6, 9, 9, 9, 9, 9, 19, 6, 21, 9, 9, 19, 19, 19, 19, 21, 21, 21, 31, 19, 19, 19, 21, 36, 31, 31, 31, 40, 40, 36, 36, 36, 31, 40, 40, 40, 36, 36, 45, 45, 45, 40, 40]
Rem. cap.:	[0, 0, 26, 0, 0, 0, 10, 0, 0, 18, 0, 0, 0, 0, 0, 0, 0, 0, 0, 5, 0, 65, 0, 0, 0, 0, 0, 0, 0, 0, 0, 14, 0, 0, 0, 0, 63, 0, 0, 0, 60, 0, 0, 0, 0, 85, 0, 0, 0]
10 Equipments:	[0, 0, 0, 1, 0, 0, 0, 0, 1, 0, 0, 0, 0, 1, 0, 0, 0, 0, 1, 0, 0, 1, 0, 1, 0, 0, 0, 0, 0, 0, 0, 0, 0, 1, 0, 0, 1, 0, 0, 0, 0, 0, 0, 0, 0, 0, 1, 0, 0]
Coverage:	[8, 8, 3, 3, 3, 3, 13, 8, 8, 8, 8, 18, 13, 13, 21, 8, 23, 18, 18, 18, 13, 21, 23, 23, 23, 18, 33, 33, 21, 36, 23, 33, 33, 33, 33, 36, 36, 36, 36, 46, 33, 33, 36, 36, 46, 46, 46, 46, 46]
Rem. cap.:	[0, 0, 0, 6, 0, 0, 0, 0, 42, 0, 0, 0, 0, 7, 0, 0, 0, 0, 14, 0, 0, 84, 0, 39, 0, 0, 0, 0, 0, 0, 0, 0, 0, 44, 0, 0, 47, 0, 0, 0, 0, 0, 0, 0, 0, 0, 63, 0, 0]

ADD_PMEDcap_49_14
1 Equipments:	[0, 0, 0, 1, 0, 0, 1, 0, 1, 0, 0, 1, 0, 0, 0, 0, 0, 0, 1, 0, 1, 1, 0, 1, 0, 0, 0, 0, 0, 0, 0, 0, 0, 1, 0, 0, 1, 0, 0, 0, 1, 0, 0, 1, 0, 1, 0, 1, 0]
Coverage:	[8, 8, 3, 3, 3, 6, 6, 8, 8, 8, 8, 11, 11, 20, 21, 8, 23, 18, 18, 18, 20, 21, 21, 23, 23, 18, 33, 20, 21, 36, 23, 33, 33, 33, 33, 36, 36, 36, 45, 40, 40, 40, 43, 43, 45, 45, 45, 47, 47]
Rem. cap.:	[0, 0, 0, 0, 0, 0, 4, 0, 8, 0, 0, 4, 0, 0, 0, 0, 0, 0, 8, 0, 26, 47, 0, 8, 0, 0, 0, 0, 0, 0, 0, 0, 0, 19, 0, 0, 35, 0, 0, 0, 38, 0, 0, 54, 0, 35, 0, 54, 0]
2 Equipments:	[0, 0, 0, 1, 0, 0, 1, 0, 1, 0, 0, 0, 0, 1, 0, 0, 0, 1, 1, 0, 0, 0, 1, 0, 0, 0, 0, 1, 0, 1, 0, 1, 0, 0, 0, 0, 0, 1, 0, 0, 1, 0, 1, 0, 0, 0, 1, 0, 0]
Coverage:	[8, 8, 3, 3, 3, 6, 6, 8, 8, 8, 17, 18, 13, 13, 8, 8, 17, 17, 18, 18, 27, 22, 22, 22, 31, 18, 27, 27, 29, 29, 29, 31, 31, 40, 27, 42, 37, 37, 37, 40, 40, 40, 42, 42, 37, 46, 46, 46, 46]
Rem. cap.:	[0, 0, 0, 0, 0, 0, 4, 0, 32, 0, 0, 0, 0, 4, 0, 0, 0, 0, 8, 0, 0, 0, 38, 0, 0, 0, 0, 48, 0, 38, 0, 12, 0, 0, 0, 0, 0, 22, 0, 0, 35, 0, 51, 0, 0, 0, 48, 0, 0]
3 Equipments:	[0, 0, 1, 0, 1, 0, 0, 0, 1, 0, 0, 0, 1, 1, 0, 0, 0, 1, 0, 0, 0, 1, 0, 0, 0, 1, 0, 0, 0, 1, 0, 0, 0, 0, 1, 0, 0, 0, 1, 0, 1, 0, 1, 0, 0, 0, 0, 1, 0]
Coverage:	[2, 2, 2, 2, 4, 4, 13, 8, 8, 8, 17, 12, 12, 13, 21, 8, 17, 17, 25, 12, 13, 21, 21, 29, 25, 25, 25, 34, 29, 29, 29, 38, 25, 40, 34, 42, 29, 38, 38, 40, 40, 40, 42, 42, 42, 38, 47, 47, 47]
Rem. cap.:	[0, 0, 20, 0, 4, 0, 0, 0, 44, 0, 0, 0, 0, 1, 0, 0, 0, 0, 0, 0, 0, 50, 0, 0, 0, 5, 0, 0, 0, 19, 0, 0, 0, 0, 54, 0, 0, 0, 9, 0, 35, 0, 48, 0, 0, 0, 0, 51, 0]
4 Equipments:	[0, 1, 0, 1, 0, 1, 0, 0, 0, 1, 0, 0, 0, 1, 1, 0, 0, 0, 1, 0, 0, 0, 0, 1, 0, 0, 1, 0, 0, 0, 0, 1, 0, 0, 0, 0, 1, 0, 0, 0, 0, 1, 0, 1, 0, 0, 1, 0, 0]
Coverage:	[1, 1, 1, 3, 3, 5, 5, 14, 1, 9, 9, 18, 13, 13, 14, 14, 9, 18, 18, 26, 13, 14, 23, 23, 23, 26, 26, 26, 36, 36, 23, 31, 31, 26, 41, 36, 36, 36, 31, 46, 41, 41, 43, 43, 43, 46, 46, 46, 41]
Rem. cap.:	[0, 44, 0, 4, 0, 4, 0, 0, 0, 24, 0, 0, 0, 1, 45, 0, 0, 0, 0, 0, 0, 0, 0, 9, 0, 0, 31, 0, 0, 0, 0, 12, 0, 0, 0, 0, 32, 0, 0, 0, 0, 48, 0, 51, 0, 0, 35, 0, 0]
5 Equipments:	[0, 0, 0, 1, 0, 0, 1, 0, 1, 0, 0, 1, 0, 1, 0, 0, 0, 0, 1, 0, 0, 1, 0, 1, 0, 0, 1, 0, 0, 0, 0, 0, 0, 1, 0, 0, 1, 0, 0, 0, 1, 0, 0, 1, 0, 1, 0, 0, 0]
Coverage:	[8, 8, 3, 3, 3, 6, 6, 8, 8, 8, 11, 11, 13, 13, 21, 8, 23, 18, 18, 18, 13, 21, 21, 23, 23, 26, 26, 26, 21, 36, 23, 33, 33, 33, 33, 36, 36, 36, 45, 40, 40, 40, 43, 43, 43, 45, 45, 40, 40]
Rem. cap.:	[0, 0, 0, 0, 0, 0, 4, 0, 36, 0, 0, 4, 0, 1, 0, 0, 0, 0, 24, 0, 0, 47, 0, 8, 0, 0, 38, 0, 0, 0, 0, 0, 0, 22, 0, 0, 35, 0, 0, 0, 32, 0, 0, 51, 0, 38, 0, 0, 0]
6 Equipments:	[0, 0, 0, 1, 0, 0, 1, 0, 1, 0, 0, 1, 0, 1, 1, 0, 0, 0, 1, 0, 0, 0, 0, 1, 0, 0, 1, 0, 0, 0, 1, 0, 0, 1, 0, 1, 0, 0, 0, 0, 1, 0, 0, 0, 1, 0, 0, 0, 0]
Coverage:	[8, 8, 3, 3, 3, 6, 6, 8, 8, 8, 11, 11, 13, 13, 14, 14, 23, 18, 18, 18, 13, 14, 23, 23, 23, 26, 26, 26, 35, 30, 30, 30, 33, 33, 33, 35, 35, 44, 40, 40, 40, 40, 35, 44, 44, 44, 44, 40, 40]
Rem. cap.:	[0, 0, 0, 0, 0, 0, 4, 0, 40, 0, 0, 4, 0, 1, 49, 0, 0, 0, 24, 0, 0, 0, 0, 21, 0, 0, 38, 0, 0, 0, 25, 0, 0, 38, 0, 48, 0, 0, 0, 0, 16, 0, 0, 0, 32, 0, 0, 0, 0]
7 Equipments:	[0, 0, 0, 1, 0, 1, 0, 0, 1, 0, 0, 1, 0, 1, 0, 1, 0, 0, 1, 0, 0, 0, 0, 0, 1, 0, 0, 0, 1, 0, 0, 0, 0, 1, 0, 0, 0, 1, 0, 0, 1, 0, 0, 1, 0, 0, 0, 1, 0]
Coverage:	[8, 8, 3, 3, 3, 5, 5, 8, 8, 8, 11, 11, 13, 13, 15, 15, 15, 18, 18, 18, 13, 28, 15, 24, 24, 18, 33, 33, 28, 28, 37, 24, 33, 33, 33, 28, 37, 37, 37, 40, 40, 40, 43, 43, 37, 47, 47, 47, 47]
Rem. cap.:	[0, 0, 0, 0, 0, 4, 0, 0, 40, 0, 0, 4, 0, 1, 0, 45, 0, 0, 8, 0, 0, 0, 0, 0, 12, 0, 0, 0, 48, 0, 0, 0, 0, 32, 0, 0, 0, 6, 0, 0, 38, 0, 0, 54, 0, 0, 0, 48, 0]
8 Equipments:	[0, 0, 0, 1, 0, 1, 0, 0, 1, 0, 0, 1, 0, 1, 0, 0, 1, 0, 0, 0, 0, 0, 0, 1, 0, 0, 1, 0, 1, 0, 1, 0, 0, 1, 0, 0, 0, 0, 1, 0, 0, 0, 0, 1, 0, 0, 0, 0, 1]
Coverage:	[8, 8, 3, 3, 5, 5, 13, 8, 8, 8, 3, 11, 11, 13, 16, 16, 16, 16, 11, 26, 13, 28, 23, 23, 23, 26, 26, 26, 28, 28, 30, 30, 33, 33, 33, 28, 43, 38, 38, 38, 33, 48, 43, 43, 43, 38, 48, 48, 48]
Rem. cap.:	[0, 0, 0, 0, 0, 4, 0, 0, 40, 0, 0, 0, 0, 1, 0, 0, 20, 0, 0, 0, 0, 0, 0, 25, 0, 0, 34, 0, 48, 0, 28, 0, 0, 35, 0, 0, 0, 0, 9, 0, 0, 0, 0, 48, 0, 0, 0, 0, 48]
9 Equipments:	[0, 0, 0, 1, 0, 0, 1, 0, 1, 0, 0, 1, 0, 0, 0, 0, 0, 1, 0, 0, 1, 1, 0, 0, 0, 1, 0, 0, 0, 0, 1, 0, 0, 1, 0, 0, 1, 0, 0, 0, 1, 0, 1, 0, 0, 1, 0, 0, 0]
Coverage:	[8, 8, 3, 3, 3, 6, 6, 8, 8, 8, 17, 11, 11, 20, 21, 8, 17, 17, 11, 20, 20, 21, 21, 30, 25, 25, 25, 20, 21, 30, 30, 30, 33, 33, 33, 36, 36, 36, 45, 40, 40, 40, 42, 42, 45, 45, 45, 40, 40]
Rem. cap.:	[0, 0, 0, 0, 0, 0, 4, 0, 36, 0, 0, 0, 0, 0, 0, 0, 0, 0, 0, 0, 22, 47, 0, 0, 0, 25, 0, 0, 0, 0, 9, 0, 0, 38, 0, 0, 38, 0, 0, 0, 32, 0, 54, 0, 0, 35, 0, 0, 0]
10 Equipments:	[0, 0, 0, 1, 0, 1, 0, 0, 1, 0, 0, 1, 0, 1, 0, 0, 0, 0, 1, 0, 0, 1, 0, 1, 0, 0, 1, 0, 0, 0, 0, 0, 1, 0, 0, 0, 1, 0, 0, 0, 0, 1, 0, 0, 0, 1, 0, 1, 0]
Coverage:	[8, 8, 3, 3, 3, 5, 5, 8, 8, 8, 11, 11, 13, 13, 21, 8, 23, 18, 18, 18, 13, 21, 21, 23, 23, 26, 26, 26, 21, 36, 23, 32, 32, 32, 41, 36, 36, 36, 45, 32, 41, 41, 36, 36, 45, 45, 45, 47, 47]
Rem. cap.:	[0, 0, 0, 0, 0, 4, 0, 0, 36, 0, 0, 4, 0, 1, 0, 0, 0, 0, 24, 0, 0, 47, 0, 8, 0, 0, 38, 0, 0, 0, 0, 0, 9, 0, 0, 0, 29, 0, 0, 0, 0, 51, 0, 0, 0, 35, 0, 54, 0]

ADD_PMEDcap_80_16
1 Equipments:	[0, 0, 0, 1, 0, 0, 1, 0, 1, 0, 0, 0, 1, 0, 0, 1, 0, 0, 0, 1, 0, 0, 1, 0, 0, 0, 1, 0, 0, 0, 0, 0, 0, 0, 1, 0, 0, 0, 0, 0, 0, 1, 0, 0, 0, 0, 0, 0, 1, 0, 0, 1, 0, 0, 0, 1, 0, 0, 0, 0, 0, 0, 0, 0, 0, 0, 1, 0, 0, 1, 0, 0, 1, 0, 0, 0, 0, 0, 0, 0]
Coverage:	[3, 3, 3, 3, 3, 3, 6, 6, 8, 8, 12, 12, 12, 12, 12, 15, 26, 15, 19, 19, 22, 22, 22, 22, 34, 26, 26, 26, 19, 19, 41, 41, 22, 34, 34, 34, 26, 26, 48, 48, 41, 41, 41, 41, 55, 55, 48, 48, 48, 48, 51, 51, 51, 51, 55, 55, 66, 66, 48, 69, 51, 51, 72, 72, 66, 66, 66, 66, 69, 69, 72, 72, 72, 72, 72, 66, 66, 66, 69, 69]
Rem. cap.:	[0, 0, 0, 9, 0, 0, 17, 0, 17, 0, 0, 0, 27, 0, 0, 17, 0, 0, 0, 13, 0, 0, 34, 0, 0, 0, 0, 0, 0, 0, 0, 0, 0, 0, 2, 0, 0, 0, 0, 0, 0, 23, 0, 0, 0, 0, 0, 0, 30, 0, 0, 24, 0, 0, 0, 9, 0, 0, 0, 0, 0, 0, 0, 0, 0, 0, 33, 0, 0, 47, 0, 0, 46, 0, 0, 0, 0, 0, 0, 0]
2 Equipments:	[0, 0, 0, 0, 1, 0, 0, 1, 0, 1, 0, 1, 0, 0, 0, 1, 0, 0, 0, 1, 0, 0, 0, 0, 1, 0, 0, 1, 0, 0, 0, 1, 0, 0, 0, 0, 1, 0, 0, 0, 0, 0, 0, 1, 0, 0, 0, 0, 1, 0, 0, 0, 1, 0, 0, 0, 0, 0, 0, 0, 0, 0, 0, 0, 0, 1, 0, 1, 0, 0, 0, 1, 0, 0, 0, 0, 0, 0, 0, 0]
Coverage:	[11, 11, 4, 4, 4, 4, 7, 7, 9, 9, 11, 11, 11, 11, 24, 15, 15, 27, 19, 19, 31, 31, 24, 24, 24, 27, 27, 27, 27, 27, 31, 31, 31, 31, 24, 36, 36, 27, 48, 36, 43, 31, 43, 43, 43, 43, 36, 48, 48, 48, 52, 52, 52, 52, 52, 65, 67, 67, 48, 48, 71, 71, 52, 52, 65, 65, 67, 67, 67, 67, 71, 71, 71, 71, 65, 65, 67, 67, 67, 67]
Rem. cap.:	[0, 0, 0, 0, 13, 0, 0, 17, 0, 17, 0, 41, 0, 0, 0, 17, 0, 0, 0, 17, 0, 0, 0, 0, 2, 0, 0, 7, 0, 0, 0, 21, 0, 0, 0, 0, 18, 0, 0, 0, 0, 0, 0, 7, 0, 0, 0, 0, 41, 0, 0, 0, 14, 0, 0, 0, 0, 0, 0, 0, 0, 0, 0, 0, 0, 38, 0, 32, 0, 0, 0, 46, 0, 0, 0, 0, 0, 0, 0, 0]
3 Equipments:	[0, 0, 1, 0, 1, 0, 0, 1, 1, 0, 0, 0, 0, 1, 0, 0, 1, 0, 0, 0, 0, 0, 1, 0, 0, 0, 0, 0, 1, 0, 0, 0, 0, 0, 0, 1, 0, 0, 0, 0, 0, 1, 0, 0, 0, 1, 0, 0, 1, 0, 0, 0, 0, 0, 0, 0, 0, 0, 0, 0, 0, 0, 1, 0, 0, 0, 1, 0, 0, 0, 0, 0, 1, 0, 0, 0, 0, 0, 0, 1]
Coverage:	[2, 2, 2, 2, 4, 4, 7, 7, 8, 8, 13, 13, 13, 13, 13, 13, 16, 16, 28, 28, 22, 22, 22, 22, 22, 35, 16, 28, 28, 28, 41, 41, 22, 22, 35, 35, 35, 35, 28, 28, 41, 41, 41, 41, 45, 45, 48, 48, 48, 48, 41, 41, 62, 62, 45, 45, 66, 66, 48, 48, 62, 62, 62, 62, 66, 66, 66, 66, 66, 79, 72, 72, 72, 72, 72, 66, 66, 79, 79, 79]
Rem. cap.:	[0, 0, 45, 0, 17, 0, 0, 17, 17, 0, 0, 0, 0, 9, 0, 0, 15, 0, 0, 0, 0, 0, 5, 0, 0, 0, 0, 0, 7, 0, 0, 0, 0, 0, 0, 0, 0, 0, 0, 0, 0, 19, 0, 0, 0, 9, 0, 0, 32, 0, 0, 0, 0, 0, 0, 0, 0, 0, 0, 0, 0, 0, 26, 0, 0, 0, 33, 0, 0, 0, 0, 0, 48, 0, 0, 0, 0, 0, 0, 49]
4 Equipments:	[0, 0, 0, 0, 1, 0, 0, 1, 0, 1, 0, 1, 0, 0, 1, 0, 0, 0, 0, 1, 0, 0, 0, 0, 0, 0, 1, 1, 0, 0, 0, 1, 0, 0, 1, 0, 0, 0, 0, 0, 0, 0, 0, 0, 0, 0, 0, 1, 0, 0, 0, 0, 0, 1, 0, 0, 0, 0, 0, 1, 0, 1, 0, 0, 0, 1, 0, 0, 0, 0, 0, 0, 0, 0, 0, 0, 0, 0, 1, 0]
Coverage:	[11, 11, 4, 4, 4, 4, 7, 7, 9, 9, 11, 11, 11, 14, 14, 14, 26, 27, 19, 19, 11, 31, 31, 34, 34, 26, 26, 27, 27, 19, 31, 31, 31, 34, 34, 34, 26, 27, 27, 59, 31, 31, 31, 53, 53, 47, 47, 47, 47, 47, 61, 61, 53, 53, 65, 65, 65, 47, 59, 59, 61, 61, 61, 61, 65, 65, 65, 65, 78, 59, 61, 61, 61, 65, 65, 65, 65, 78, 78, 78]
Rem. cap.:	[0, 0, 0, 0, 13, 0, 0, 17, 0, 17, 0, 41, 0, 0, 15, 0, 0, 0, 0, 15, 0, 0, 0, 0, 0, 0, 4, 27, 0, 0, 0, 19, 0, 0, 0, 0, 0, 0, 0, 0, 0, 0, 0, 0, 0, 0, 0, 23, 0, 0, 0, 0, 0, 9, 0, 0, 0, 0, 0, 46, 0, 41, 0, 0, 0, 12, 0, 0, 0, 0, 0, 0, 0, 0, 0, 0, 0, 0, 49, 0]
5 Equipments:	[0, 0, 0, 1, 0, 0, 1, 0, 0, 1, 0, 1, 0, 0, 1, 0, 1, 0, 0, 0, 0, 0, 0, 1, 0, 0, 0, 0, 1, 0, 1, 0, 0, 0, 0, 0, 1, 0, 0, 0, 0, 0, 1, 0, 0, 1, 0, 0, 0, 0, 0, 0, 0, 0, 0, 0, 0, 0, 1, 0, 0, 1, 0, 0, 1, 0, 0, 0, 0, 0, 0, 0, 0, 0, 0, 0, 0, 1, 0, 0]
Coverage:	[11, 11, 3, 3, 3, 3, 6, 6, 9, 9, 11, 11, 11, 23, 14, 14, 16, 16, 28, 28, 30, 11, 23, 23, 23, 23, 36, 28, 28, 28, 30, 30, 30, 23, 36, 36, 36, 36, 28, 28, 30, 42, 42, 42, 45, 45, 45, 45, 58, 58, 61, 61, 42, 64, 64, 45, 58, 58, 58, 58, 61, 61, 61, 64, 64, 64, 64, 77, 58, 58, 61, 61, 61, 64, 64, 64, 77, 77, 77, 77]
Rem. cap.:	[0, 0, 0, 13, 0, 0, 17, 0, 0, 17, 0, 41, 0, 0, 17, 0, 17, 0, 0, 0, 0, 0, 0, 0, 0, 0, 0, 0, 7, 0, 34, 0, 0, 0, 0, 0, 16, 0, 0, 0, 0, 0, 18, 0, 0, 7, 0, 0, 0, 0, 0, 0, 0, 0, 0, 0, 0, 0, 30, 0, 0, 42, 0, 0, 24, 0, 0, 0, 0, 0, 0, 0, 0, 0, 0, 0, 0, 48, 0, 0]
6 Equipments:	[0, 1, 0, 0, 0, 1, 0, 1, 1, 0, 0, 0, 0, 1, 0, 0, 0, 1, 0, 0, 0, 1, 0, 0, 0, 0, 1, 0, 0, 1, 0, 0, 0, 0, 1, 0, 0, 0, 0, 0, 0, 0, 1, 0, 0, 0, 0, 1, 0, 0, 0, 0, 0, 1, 0, 0, 0, 0, 0, 0, 0, 1, 0, 0, 0, 0, 0, 0, 1, 0, 0, 0, 0, 0, 1, 0, 0, 0, 0, 0]
Coverage:	[1, 1, 1, 13, 5, 5, 7, 7, 8, 8, 1, 21, 13, 13, 13, 13, 17, 17, 29, 29, 21, 21, 21, 13, 34, 26, 26, 26, 29, 29, 21, 21, 42, 34, 34, 34, 26, 47, 47, 29, 42, 42, 42, 42, 42, 47, 47, 47, 47, 47, 61, 61, 53, 53, 53, 53, 47, 47, 68, 68, 61, 61, 61, 61, 74, 74, 68, 68, 68, 68, 61, 61, 74, 74, 74, 74, 74, 68, 68, 68]
Rem. cap.:	[0, 45, 0, 0, 0, 17, 0, 17, 17, 0, 0, 0, 0, 9, 0, 0, 0, 17, 0, 0, 0, 41, 0, 0, 0, 0, 20, 0, 0, 11, 0, 0, 0, 0, 2, 0, 0, 0, 0, 0, 0, 0, 5, 0, 0, 0, 0, 8, 0, 0, 0, 0, 0, 9, 0, 0, 0, 0, 0, 0, 0, 42, 0, 0, 0, 0, 0, 0, 42, 0, 0, 0, 0, 0, 46, 0, 0, 0, 0, 0]
7 Equipments:	[0, 0, 1, 0, 0, 0, 1, 0, 0, 1, 0, 1, 0, 0, 1, 0, 0, 0, 1, 0, 0, 0, 0, 0, 0, 1, 1, 0, 0, 0, 0, 0, 1, 0, 0, 0, 0, 0, 1, 0, 0, 0, 1, 0, 0, 0, 0, 0, 0, 0, 0, 0, 0, 0, 0, 1, 0, 0, 0, 0, 0, 1, 0, 0, 0, 0, 1, 0, 0, 1, 0, 0, 0, 1, 0, 0, 0, 0, 0, 0]
Coverage:	[2, 2, 2, 2, 2, 2, 6, 6, 9, 9, 11, 11, 2, 14, 14, 14, 26, 26, 18, 18, 11, 11, 32, 32, 25, 25, 26, 26, 38, 38, 32, 32, 32, 32, 32, 25, 26, 38, 38, 38, 42, 42, 42, 42, 42, 55, 66, 38, 38, 38, 61, 61, 42, 55, 55, 55, 66, 55, 69, 69, 61, 61, 61, 61, 66, 66, 66, 66, 69, 69, 61, 61, 73, 73, 73, 66, 66, 66, 69, 69]
Rem. cap.:	[0, 0, 7, 0, 0, 0, 17, 0, 0, 17, 0, 45, 0, 0, 15, 0, 0, 0, 17, 0, 0, 0, 0, 0, 0, 6, 2, 0, 0, 0, 0, 0, 12, 0, 0, 0, 0, 0, 37, 0, 0, 0, 5, 0, 0, 0, 0, 0, 0, 0, 0, 0, 0, 0, 0, 7, 0, 0, 0, 0, 0, 42, 0, 0, 0, 0, 24, 0, 0, 45, 0, 0, 0, 50, 0, 0, 0, 0, 0, 0]
8 Equipments:	[0, 0, 0, 1, 0, 0, 0, 1, 1, 0, 0, 0, 0, 1, 0, 0, 1, 0, 0, 0, 0, 1, 0, 0, 0, 0, 1, 0, 1, 0, 0, 0, 0, 1, 0, 0, 0, 0, 0, 0, 0, 1, 0, 0, 0, 1, 0, 0, 0, 0, 0, 1, 0, 0, 0, 0, 0, 0, 1, 0, 0, 0, 0, 0, 1, 0, 0, 0, 0, 0, 0, 1, 0, 0, 0, 0, 0, 0, 1, 0]
Coverage:	[3, 3, 3, 3, 3, 3, 7, 7, 8, 8, 21, 21, 13, 13, 13, 13, 16, 16, 28, 28, 21, 21, 21, 21, 26, 26, 26, 26, 28, 28, 21, 21, 33, 33, 33, 33, 26, 26, 28, 28, 41, 41, 41, 41, 45, 45, 45, 45, 58, 58, 51, 51, 51, 64, 64, 45, 58, 58, 58, 58, 71, 71, 64, 64, 64, 64, 64, 78, 78, 78, 71, 71, 71, 71, 64, 64, 78, 78, 78, 78]
Rem. cap.:	[0, 0, 0, 9, 0, 0, 0, 17, 17, 0, 0, 0, 0, 13, 0, 0, 17, 0, 0, 0, 0, 37, 0, 0, 0, 0, 0, 0, 9, 0, 0, 0, 0, 9, 0, 0, 0, 0, 0, 0, 0, 27, 0, 0, 0, 7, 0, 0, 0, 0, 0, 38, 0, 0, 0, 0, 0, 0, 32, 0, 0, 0, 0, 0, 24, 0, 0, 0, 0, 0, 0, 46, 0, 0, 0, 0, 0, 0, 46, 0]
9 Equipments:	[0, 0, 1, 0, 0, 1, 0, 1, 1, 0, 0, 0, 1, 0, 0, 1, 0, 0, 0, 0, 0, 0, 0, 0, 1, 0, 0, 0, 1, 0, 0, 1, 0, 0, 0, 1, 0, 0, 0, 0, 0, 0, 0, 0, 0, 1, 0, 0, 0, 0, 0, 1, 0, 0, 0, 0, 0, 0, 1, 0, 0, 0, 0, 0, 1, 0, 0, 0, 0, 0, 0, 1, 0, 0, 0, 0, 0, 1, 0, 0]
Coverage:	[2, 2, 2, 2, 2, 5, 5, 7, 8, 8, 12, 12, 12, 12, 12, 15, 15, 7, 28, 28, 31, 31, 24, 24, 24, 24, 24, 28, 28, 28, 31, 31, 31, 35, 35, 35, 35, 35, 28, 28, 31, 31, 51, 45, 45, 45, 45, 45, 58, 58, 51, 51, 51, 51, 64, 64, 58, 58, 58, 58, 71, 51, 64, 64, 64, 64, 77, 77, 58, 58, 71, 71, 71, 71, 64, 77, 77, 77, 77, 77]
Rem. cap.:	[0, 0, 27, 0, 0, 17, 0, 17, 17, 0, 0, 0, 27, 0, 0, 17, 0, 0, 0, 0, 0, 0, 0, 0, 11, 0, 0, 0, 7, 0, 0, 30, 0, 0, 0, 7, 0, 0, 0, 0, 0, 0, 0, 0, 0, 7, 0, 0, 0, 0, 0, 15, 0, 0, 0, 0, 0, 0, 30, 0, 0, 0, 0, 0, 26, 0, 0, 0, 0, 0, 0, 47, 0, 0, 0, 0, 0, 46, 0, 0]
10 Equipments:	[0, 0, 0, 1, 0, 0, 0, 1, 0, 1, 1, 0, 0, 1, 0, 0, 1, 0, 0, 0, 0, 0, 0, 1, 0, 0, 0, 0, 1, 0, 0, 1, 0, 0, 0, 1, 0, 0, 0, 0, 0, 0, 1, 0, 0, 0, 0, 1, 0, 0, 0, 0, 0, 0, 1, 0, 0, 0, 0, 0, 0, 1, 0, 0, 0, 0, 0, 0, 1, 0, 0, 0, 0, 0, 0, 1, 0, 0, 0, 0]
Coverage:	[10, 3, 3, 3, 3, 3, 7, 7, 9, 9, 10, 10, 13, 13, 13, 13, 16, 16, 28, 28, 10, 23, 23, 23, 23, 35, 16, 28, 28, 28, 31, 31, 31, 23, 35, 35, 35, 47, 28, 28, 42, 42, 42, 42, 54, 47, 47, 47, 47, 47, 61, 61, 42, 54, 54, 54, 47, 47, 68, 68, 61, 61, 61, 54, 54, 75, 75, 68, 68, 68, 61, 61, 75, 75, 75, 75, 75, 68, 68, 68]
Rem. cap.:	[0, 0, 0, 11, 0, 0, 0, 17, 0, 17, 45, 0, 0, 13, 0, 0, 15, 0, 0, 0, 0, 0, 0, 18, 0, 0, 0, 0, 7, 0, 0, 38, 0, 0, 0, 2, 0, 0, 0, 0, 0, 0, 16, 0, 0, 0, 0, 10, 0, 0, 0, 0, 0, 0, 7, 0, 0, 0, 0, 0, 0, 43, 0, 0, 0, 0, 0, 0, 43, 0, 0, 0, 0, 0, 0, 46, 0, 0, 0, 0]

ADD_PMEDcap_80_24
1 Equipments:	[0, 0, 1, 0, 0, 1, 1, 1, 1, 1, 0, 0, 1, 0, 0, 1, 1, 1, 0, 1, 0, 0, 0, 1, 0, 0, 1, 0, 1, 0, 0, 1, 0, 0, 1, 0, 0, 0, 1, 0, 0, 0, 0, 1, 0, 1, 0, 0, 0, 0, 0, 1, 0, 0, 0, 0, 0, 0, 1, 0, 0, 0, 0, 0, 0, 1, 0, 0, 0, 0, 0, 0, 1, 0, 0, 0, 0, 1, 0, 0]
Coverage:	[2, 2, 2, 2, 2, 5, 6, 7, 8, 9, 12, 12, 12, 12, 12, 15, 16, 17, 28, 19, 31, 31, 23, 23, 23, 26, 26, 26, 28, 28, 31, 31, 31, 34, 34, 34, 26, 38, 38, 38, 51, 51, 43, 43, 45, 45, 45, 45, 58, 58, 51, 51, 51, 43, 65, 65, 58, 58, 58, 58, 51, 51, 72, 65, 65, 65, 65, 77, 58, 58, 72, 72, 72, 72, 65, 65, 77, 77, 77, 77]
Rem. cap.:	[0, 0, 9, 0, 0, 17, 17, 17, 17, 17, 0, 0, 9, 0, 0, 17, 17, 17, 0, 17, 0, 0, 0, 13, 0, 0, 2, 0, 13, 0, 0, 16, 0, 0, 2, 0, 0, 0, 29, 0, 0, 0, 0, 2, 0, 0, 0, 0, 0, 0, 0, 13, 0, 0, 0, 0, 0, 0, 12, 0, 0, 0, 0, 0, 0, 7, 0, 0, 0, 0, 0, 0, 30, 0, 0, 0, 0, 30, 0, 0]
2 Equipments:	[0, 0, 1, 0, 0, 1, 1, 1, 1, 1, 1, 0, 0, 1, 0, 1, 0, 1, 0, 0, 0, 0, 0, 1, 0, 1, 1, 0, 1, 1, 0, 0, 0, 0, 0, 0, 0, 0, 0, 0, 0, 1, 0, 0, 1, 0, 0, 1, 0, 0, 0, 0, 0, 0, 1, 0, 0, 1, 0, 0, 0, 0, 1, 0, 0, 0, 0, 0, 0, 0, 1, 0, 0, 0, 0, 1, 0, 0, 1, 0]
Coverage:	[10, 2, 2, 2, 2, 5, 6, 7, 8, 9, 10, 10, 13, 13, 13, 15, 26, 17, 28, 29, 10, 23, 23, 23, 23, 25, 26, 26, 28, 29, 41, 41, 41, 23, 44, 25, 26, 47, 28, 29, 41, 41, 41, 44, 44, 47, 47, 47, 47, 47, 41, 41, 62, 54, 54, 54, 57, 57, 57, 57, 70, 62, 62, 62, 62, 75, 57, 57, 78, 78, 70, 70, 62, 62, 75, 75, 75, 78, 78, 78]
Rem. cap.:	[0, 0, 11, 0, 0, 17, 17, 17, 17, 17, 27, 0, 0, 13, 0, 17, 0, 17, 0, 0, 0, 0, 0, 0, 0, 6, 2, 0, 13, 13, 0, 0, 0, 0, 0, 0, 0, 0, 0, 0, 0, 1, 0, 0, 2, 0, 0, 5, 0, 0, 0, 0, 0, 0, 2, 0, 0, 16, 0, 0, 0, 0, 18, 0, 0, 0, 0, 0, 0, 0, 31, 0, 0, 0, 0, 31, 0, 0, 30, 0]
3 Equipments:	[0, 0, 1, 0, 0, 1, 1, 1, 1, 1, 0, 0, 1, 0, 0, 1, 1, 1, 0, 0, 0, 0, 1, 0, 0, 0, 1, 0, 1, 1, 1, 0, 0, 0, 1, 0, 0, 0, 0, 0, 0, 0, 0, 1, 0, 0, 0, 1, 0, 0, 0, 0, 0, 0, 1, 0, 0, 0, 0, 0, 1, 0, 1, 0, 0, 0, 1, 0, 0, 1, 0, 0, 0, 0, 1, 0, 0, 0, 0, 0]
Coverage:	[2, 2, 2, 2, 2, 5, 6, 7, 8, 9, 12, 12, 12, 12, 12, 15, 16, 17, 28, 29, 30, 22, 22, 22, 22, 26, 26, 26, 28, 29, 30, 30, 22, 34, 34, 34, 26, 47, 28, 29, 30, 43, 43, 43, 43, 47, 47, 47, 47, 47, 60, 60, 62, 54, 54, 54, 66, 47, 69, 69, 60, 60, 62, 62, 54, 66, 66, 66, 69, 69, 60, 60, 62, 74, 74, 74, 74, 66, 69, 69]
Rem. cap.:	[0, 0, 9, 0, 0, 17, 17, 17, 17, 17, 0, 0, 9, 0, 0, 17, 17, 17, 0, 0, 0, 0, 0, 0, 0, 0, 2, 0, 13, 13, 27, 0, 0, 0, 2, 0, 0, 0, 0, 0, 0, 0, 0, 0, 0, 0, 0, 3, 0, 0, 0, 0, 0, 0, 1, 0, 0, 0, 0, 0, 26, 0, 21, 0, 0, 0, 20, 0, 0, 27, 0, 0, 0, 0, 31, 0, 0, 0, 0, 0]
4 Equipments:	[0, 0, 0, 1, 0, 1, 1, 1, 1, 1, 1, 0, 0, 1, 0, 1, 1, 0, 1, 0, 0, 0, 1, 0, 0, 0, 1, 1, 0, 1, 0, 0, 0, 0, 1, 0, 0, 0, 0, 0, 0, 1, 0, 0, 1, 0, 0, 0, 1, 0, 0, 0, 0, 0, 1, 0, 1, 0, 0, 0, 0, 1, 0, 0, 0, 0, 0, 0, 0, 0, 0, 0, 0, 1, 0, 0, 0, 0, 1, 0]
Coverage:	[10, 3, 3, 3, 3, 5, 6, 7, 8, 9, 10, 10, 13, 13, 13, 15, 16, 27, 18, 29, 10, 22, 22, 22, 22, 26, 26, 27, 29, 29, 41, 41, 22, 34, 34, 34, 26, 27, 48, 29, 41, 41, 41, 44, 44, 44, 56, 48, 48, 48, 41, 41, 41, 54, 54, 54, 56, 56, 48, 48, 61, 61, 61, 73, 54, 54, 56, 56, 78, 78, 61, 61, 73, 73, 73, 73, 78, 78, 78, 78]
Rem. cap.:	[0, 0, 0, 11, 0, 17, 17, 17, 17, 17, 27, 0, 0, 13, 0, 17, 17, 0, 17, 0, 0, 0, 0, 0, 0, 0, 4, 13, 0, 11, 0, 0, 0, 0, 2, 0, 0, 0, 0, 0, 0, 1, 0, 0, 2, 0, 0, 0, 23, 0, 0, 0, 0, 0, 0, 0, 9, 0, 0, 0, 0, 29, 0, 0, 0, 0, 0, 0, 0, 0, 0, 0, 0, 30, 0, 0, 0, 0, 29, 0]
5 Equipments:	[0, 0, 1, 0, 0, 1, 1, 1, 1, 1, 0, 0, 0, 1, 0, 1, 1, 0, 0, 1, 0, 1, 0, 0, 0, 1, 0, 1, 1, 0, 0, 0, 0, 1, 0, 1, 0, 0, 0, 0, 0, 1, 0, 0, 0, 1, 0, 0, 1, 0, 0, 0, 0, 1, 0, 0, 0, 0, 0, 0, 1, 0, 0, 0, 0, 0, 1, 0, 0, 0, 0, 0, 0, 1, 0, 0, 0, 0, 1, 0]
Coverage:	[2, 2, 2, 2, 2, 5, 6, 7, 8, 9, 21, 21, 13, 13, 13, 15, 16, 27, 28, 19, 21, 21, 21, 33, 21, 25, 27, 27, 28, 28, 21, 21, 33, 33, 35, 35, 35, 27, 28, 28, 41, 41, 41, 33, 45, 45, 48, 48, 48, 48, 60, 41, 53, 53, 53, 45, 66, 48, 48, 48, 60, 60, 60, 73, 66, 66, 66, 66, 78, 78, 60, 73, 73, 73, 73, 73, 66, 78, 78, 78]
Rem. cap.:	[0, 0, 9, 0, 0, 17, 17, 17, 17, 17, 0, 0, 0, 13, 0, 17, 17, 0, 0, 17, 0, 3, 0, 0, 0, 17, 0, 11, 9, 0, 0, 0, 0, 0, 0, 2, 0, 0, 0, 0, 0, 18, 0, 0, 0, 2, 0, 0, 12, 0, 0, 0, 0, 2, 0, 0, 0, 0, 0, 0, 28, 0, 0, 0, 0, 0, 19, 0, 0, 0, 0, 0, 0, 29, 0, 0, 0, 0, 30, 0]
6 Equipments:	[0, 0, 1, 0, 0, 1, 1, 1, 1, 1, 0, 0, 1, 0, 0, 1, 0, 0, 1, 0, 1, 0, 0, 1, 0, 0, 1, 1, 0, 0, 0, 0, 1, 0, 0, 1, 0, 0, 0, 1, 0, 1, 0, 0, 0, 1, 0, 0, 0, 0, 0, 0, 0, 1, 0, 0, 0, 0, 1, 0, 0, 1, 0, 0, 0, 1, 0, 0, 0, 0, 0, 0, 1, 0, 0, 0, 0, 0, 1, 0]
Coverage:	[2, 2, 2, 2, 2, 5, 6, 7, 8, 9, 20, 12, 12, 12, 12, 15, 26, 27, 18, 39, 20, 20, 23, 23, 23, 35, 26, 27, 27, 39, 20, 32, 32, 32, 32, 35, 26, 27, 39, 39, 41, 41, 41, 41, 45, 45, 45, 45, 58, 39, 41, 61, 53, 53, 53, 65, 58, 58, 58, 58, 61, 61, 72, 53, 65, 65, 65, 78, 78, 78, 72, 61, 72, 72, 72, 65, 65, 78, 78, 78]
Rem. cap.:	[0, 0, 9, 0, 0, 17, 17, 17, 17, 17, 0, 0, 11, 0, 0, 17, 0, 0, 17, 0, 27, 0, 0, 13, 0, 0, 4, 11, 0, 0, 0, 0, 0, 0, 0, 6, 0, 0, 0, 9, 0, 7, 0, 0, 0, 0, 0, 0, 0, 0, 0, 0, 0, 1, 0, 0, 0, 0, 16, 0, 0, 29, 0, 0, 0, 19, 0, 0, 0, 0, 0, 0, 30, 0, 0, 0, 0, 0, 29, 0]
7 Equipments:	[0, 0, 0, 1, 0, 1, 1, 1, 1, 1, 1, 0, 0, 1, 0, 1, 1, 1, 0, 1, 0, 0, 0, 1, 0, 0, 1, 0, 0, 0, 0, 1, 0, 0, 1, 0, 0, 0, 1, 0, 0, 0, 1, 0, 0, 1, 0, 0, 0, 0, 0, 1, 0, 0, 1, 0, 0, 0, 0, 0, 0, 0, 0, 0, 0, 0, 1, 0, 1, 0, 0, 0, 0, 1, 0, 0, 0, 0, 0, 0]
Coverage:	[10, 3, 3, 3, 3, 5, 6, 7, 8, 9, 10, 10, 13, 13, 13, 15, 16, 17, 38, 19, 10, 31, 23, 23, 23, 26, 26, 26, 38, 19, 31, 31, 31, 34, 34, 34, 26, 38, 38, 38, 42, 42, 42, 42, 45, 45, 45, 45, 38, 38, 51, 51, 51, 54, 54, 54, 66, 66, 68, 68, 51, 51, 73, 73, 54, 66, 66, 66, 68, 68, 73, 73, 73, 73, 73, 73, 66, 68, 68, 68]
Rem. cap.:	[0, 0, 0, 11, 0, 17, 17, 17, 17, 17, 27, 0, 0, 13, 0, 17, 17, 17, 0, 15, 0, 0, 0, 13, 0, 0, 2, 0, 0, 0, 0, 18, 0, 0, 2, 0, 0, 0, 5, 0, 0, 0, 9, 0, 0, 0, 0, 0, 0, 0, 0, 17, 0, 0, 1, 0, 0, 0, 0, 0, 0, 0, 0, 0, 0, 0, 18, 0, 26, 0, 0, 0, 0, 27, 0, 0, 0, 0, 0, 0]
8 Equipments:	[0, 0, 1, 0, 0, 1, 1, 1, 1, 1, 0, 0, 0, 1, 0, 1, 0, 0, 0, 1, 0, 1, 0, 0, 0, 0, 1, 0, 1, 0, 0, 0, 0, 1, 0, 1, 0, 1, 0, 0, 0, 1, 0, 0, 0, 0, 1, 0, 0, 0, 0, 0, 0, 0, 1, 0, 0, 0, 1, 0, 0, 0, 1, 0, 0, 0, 0, 1, 0, 0, 0, 1, 0, 0, 1, 0, 0, 1, 0, 0]
Coverage:	[2, 2, 2, 2, 2, 5, 6, 7, 8, 9, 21, 21, 13, 13, 13, 15, 26, 37, 28, 19, 21, 21, 21, 13, 21, 35, 26, 26, 28, 28, 41, 21, 33, 33, 33, 35, 37, 37, 37, 37, 41, 41, 41, 41, 54, 46, 46, 46, 58, 58, 41, 41, 62, 62, 54, 54, 46, 58, 58, 58, 62, 62, 62, 62, 74, 67, 67, 67, 67, 67, 71, 71, 74, 74, 74, 74, 77, 77, 77, 77]
Rem. cap.:	[0, 0, 9, 0, 0, 17, 17, 17, 17, 17, 0, 0, 0, 11, 0, 17, 0, 0, 0, 17, 0, 5, 0, 0, 0, 0, 13, 0, 13, 0, 0, 0, 0, 2, 0, 6, 0, 0, 0, 0, 0, 3, 0, 0, 0, 0, 0, 0, 0, 0, 0, 0, 0, 0, 2, 0, 0, 0, 25, 0, 0, 0, 8, 0, 0, 0, 0, 30, 0, 0, 0, 33, 0, 0, 30, 0, 0, 31, 0, 0]
9 Equipments:	[0, 0, 0, 1, 0, 1, 1, 1, 1, 1, 0, 1, 0, 0, 0, 1, 1, 0, 1, 0, 0, 0, 0, 1, 0, 0, 1, 0, 0, 1, 0, 1, 0, 0, 1, 0, 0, 1, 0, 0, 0, 1, 0, 0, 0, 0, 0, 1, 0, 0, 0, 0, 0, 0, 1, 0, 0, 0, 1, 0, 0, 0, 0, 1, 0, 0, 0, 0, 1, 0, 1, 0, 0, 0, 0, 0, 1, 0, 0, 0]
Coverage:	[11, 11, 3, 3, 3, 5, 6, 7, 8, 9, 11, 11, 11, 3, 11, 15, 16, 37, 18, 29, 31, 31, 23, 23, 23, 26, 26, 26, 29, 29, 31, 31, 31, 34, 34, 34, 37, 37, 37, 29, 41, 41, 41, 41, 54, 47, 47, 47, 47, 47, 41, 41, 63, 63, 54, 54, 58, 58, 58, 58, 70, 63, 63, 63, 63, 63, 76, 68, 68, 68, 70, 70, 70, 63, 63, 76, 76, 76, 68, 68]
Rem. cap.:	[0, 0, 0, 11, 0, 17, 17, 17, 17, 17, 0, 7, 0, 0, 0, 17, 17, 0, 17, 0, 0, 0, 0, 13, 0, 0, 13, 0, 0, 11, 0, 16, 0, 0, 2, 0, 0, 2, 0, 0, 0, 5, 0, 0, 0, 0, 0, 7, 0, 0, 0, 0, 0, 0, 2, 0, 0, 0, 18, 0, 0, 0, 0, 6, 0, 0, 0, 0, 30, 0, 30, 0, 0, 0, 0, 0, 31, 0, 0, 0]
10 Equipments:	[0, 0, 1, 0, 0, 1, 1, 1, 1, 1, 0, 0, 1, 0, 0, 1, 1, 1, 1, 0, 0, 0, 0, 1, 0, 0, 1, 0, 0, 1, 0, 1, 0, 0, 0, 1, 0, 0, 0, 0, 0, 0, 0, 1, 0, 0, 0, 0, 1, 0, 0, 1, 0, 0, 0, 0, 1, 0, 0, 0, 0, 0, 0, 0, 1, 0, 0, 0, 1, 0, 1, 0, 0, 0, 0, 0, 0, 1, 0, 0]
Coverage:	[2, 2, 2, 2, 2, 5, 6, 7, 8, 9, 12, 12, 12, 12, 12, 15, 16, 17, 18, 29, 31, 31, 23, 23, 23, 26, 26, 26, 29, 29, 31, 31, 31, 23, 35, 35, 26, 35, 48, 29, 51, 51, 43, 43, 43, 35, 56, 48, 48, 48, 51, 51, 51, 51, 64, 56, 56, 56, 48, 48, 70, 51, 64, 64, 64, 64, 64, 68, 68, 68, 70, 70, 70, 64, 64, 77, 77, 77, 77, 77]
Rem. cap.:	[0, 0, 9, 0, 0, 17, 17, 17, 17, 17, 0, 0, 9, 0, 0, 17, 17, 17, 17, 0, 0, 0, 0, 2, 0, 0, 2, 0, 0, 11, 0, 16, 0, 0, 0, 0, 0, 0, 0, 0, 0, 0, 0, 2, 0, 0, 0, 0, 23, 0, 0, 4, 0, 0, 0, 0, 0, 0, 0, 0, 0, 0, 0, 0, 17, 0, 0, 0, 32, 0, 30, 0, 0, 0, 0, 0, 0, 30, 0, 0]

ADD_PMEDcap_90_18
1 Equipments:	[0, 0, 0, 1, 0, 0, 1, 0, 1, 0, 0, 1, 0, 0, 1, 0, 1, 0, 0, 0, 0, 0, 0, 1, 0, 0, 0, 0, 1, 0, 0, 1, 0, 0, 0, 0, 1, 0, 0, 0, 0, 0, 0, 1, 0, 0, 0, 0, 0, 0, 1, 0, 0, 0, 0, 0, 0, 0, 1, 0, 0, 0, 0, 1, 0, 1, 0, 0, 0, 0, 0, 0, 0, 0, 0, 0, 0, 0, 0, 1, 0, 1, 0, 0, 0, 0, 0, 1, 0, 0]
Coverage:	[11, 3, 3, 3, 3, 3, 6, 6, 8, 8, 11, 11, 11, 14, 14, 14, 16, 16, 28, 28, 31, 31, 23, 23, 23, 23, 36, 28, 28, 28, 31, 31, 31, 23, 31, 36, 36, 36, 28, 28, 50, 31, 43, 43, 43, 36, 36, 36, 58, 58, 50, 50, 50, 63, 63, 65, 58, 58, 58, 58, 50, 63, 63, 63, 65, 65, 65, 65, 58, 79, 81, 81, 81, 63, 65, 65, 87, 87, 79, 79, 81, 81, 81, 81, 87, 87, 87, 87, 87, 87]
Rem. cap.:	[0, 0, 0, 9, 0, 0, 15, 0, 15, 0, 0, 39, 0, 0, 13, 0, 15, 0, 0, 0, 0, 0, 0, 9, 0, 0, 0, 0, 5, 0, 0, 19, 0, 0, 0, 0, 1, 0, 0, 0, 0, 0, 0, 14, 0, 0, 0, 0, 0, 0, 31, 0, 0, 0, 0, 0, 0, 0, 29, 0, 0, 0, 0, 5, 0, 4, 0, 0, 0, 0, 0, 0, 0, 0, 0, 0, 0, 0, 0, 44, 0, 40, 0, 0, 0, 0, 0, 39, 0, 0]
2 Equipments:	[0, 1, 0, 0, 1, 0, 1, 0, 0, 1, 0, 0, 0, 0, 1, 0, 0, 1, 0, 0, 0, 0, 1, 0, 0, 0, 1, 0, 0, 1, 0, 0, 0, 0, 1, 0, 0, 0, 0, 0, 0, 1, 0, 0, 1, 0, 0, 0, 0, 0, 0, 0, 1, 0, 0, 0, 1, 0, 1, 0, 0, 0, 0, 0, 0, 0, 0, 0, 0, 0, 0, 1, 0, 0, 1, 0, 0, 1, 0, 0, 0, 0, 0, 0, 0, 0, 0, 0, 0, 0]
Coverage:	[1, 1, 1, 1, 4, 4, 6, 6, 9, 9, 1, 1, 22, 14, 14, 14, 26, 17, 17, 29, 22, 22, 22, 22, 22, 26, 26, 26, 29, 29, 41, 41, 22, 34, 34, 34, 26, 26, 29, 29, 41, 41, 41, 44, 44, 44, 56, 56, 58, 58, 52, 52, 52, 52, 44, 56, 56, 58, 58, 58, 71, 71, 52, 52, 74, 74, 56, 56, 58, 58, 71, 71, 71, 74, 74, 74, 77, 77, 77, 77, 71, 71, 71, 74, 74, 74, 77, 77, 77, 77]
Rem. cap.:	[0, 35, 0, 0, 15, 0, 15, 0, 0, 15, 0, 0, 0, 0, 13, 0, 0, 15, 0, 0, 0, 0, 19, 0, 0, 0, 7, 0, 0, 23, 0, 0, 0, 0, 13, 0, 0, 0, 0, 0, 0, 28, 0, 0, 4, 0, 0, 0, 0, 0, 0, 0, 4, 0, 0, 0, 3, 0, 38, 0, 0, 0, 0, 0, 0, 0, 0, 0, 0, 0, 0, 39, 0, 0, 21, 0, 0, 39, 0, 0, 0, 0, 0, 0, 0, 0, 0, 0, 0, 0]
3 Equipments:	[0, 0, 0, 1, 0, 0, 1, 0, 0, 0, 1, 0, 0, 1, 0, 0, 1, 0, 1, 1, 0, 0, 0, 1, 0, 0, 0, 0, 0, 0, 0, 0, 0, 0, 0, 0, 0, 1, 0, 0, 0, 1, 0, 0, 0, 1, 0, 0, 0, 0, 0, 0, 0, 1, 0, 0, 0, 0, 1, 0, 0, 0, 0, 0, 1, 0, 0, 0, 0, 0, 0, 1, 0, 0, 0, 0, 0, 0, 0, 1, 0, 0, 1, 0, 0, 0, 1, 0, 0, 0]
Coverage:	[10, 3, 3, 3, 3, 3, 6, 6, 18, 19, 10, 10, 13, 13, 13, 13, 16, 16, 18, 19, 10, 23, 23, 23, 23, 23, 16, 37, 18, 18, 41, 41, 41, 23, 37, 37, 37, 37, 37, 37, 41, 41, 41, 41, 45, 45, 45, 37, 58, 58, 41, 41, 53, 53, 53, 45, 58, 58, 58, 58, 71, 71, 64, 64, 64, 64, 86, 58, 58, 79, 71, 71, 71, 71, 64, 64, 86, 79, 79, 79, 71, 71, 82, 82, 86, 86, 86, 86, 86, 79]
Rem. cap.:	[0, 0, 0, 9, 0, 0, 15, 0, 0, 0, 39, 0, 0, 11, 0, 0, 13, 0, 11, 15, 0, 0, 0, 7, 0, 0, 0, 0, 0, 0, 0, 0, 0, 0, 0, 0, 0, 3, 0, 0, 0, 12, 0, 0, 0, 4, 0, 0, 0, 0, 0, 0, 0, 17, 0, 0, 0, 0, 28, 0, 0, 0, 0, 0, 5, 0, 0, 0, 0, 0, 0, 39, 0, 0, 0, 0, 0, 0, 0, 42, 0, 0, 45, 0, 0, 0, 31, 0, 0, 0]
4 Equipments:	[0, 0, 1, 0, 0, 0, 1, 0, 0, 1, 0, 0, 0, 0, 1, 0, 1, 0, 0, 0, 0, 1, 0, 0, 0, 1, 0, 0, 1, 0, 0, 0, 0, 1, 0, 0, 1, 0, 1, 0, 0, 0, 0, 0, 0, 0, 0, 0, 0, 0, 0, 1, 0, 0, 0, 1, 0, 0, 0, 0, 0, 0, 0, 1, 0, 0, 0, 0, 1, 0, 0, 0, 0, 0, 0, 1, 0, 0, 0, 0, 0, 1, 0, 0, 0, 0, 0, 0, 1, 0]
Coverage:	[2, 2, 2, 2, 2, 2, 6, 6, 9, 9, 21, 21, 2, 14, 14, 14, 16, 16, 28, 28, 21, 21, 21, 21, 25, 25, 36, 28, 28, 28, 21, 21, 33, 33, 33, 36, 36, 36, 38, 38, 51, 51, 51, 33, 33, 55, 36, 36, 38, 38, 51, 51, 51, 63, 55, 55, 55, 68, 68, 68, 51, 51, 63, 63, 63, 75, 68, 68, 68, 68, 81, 81, 63, 75, 75, 75, 75, 75, 88, 68, 81, 81, 81, 81, 75, 75, 88, 88, 88, 88]
Rem. cap.:	[0, 0, 5, 0, 0, 0, 15, 0, 0, 15, 0, 0, 0, 0, 13, 0, 15, 0, 0, 0, 0, 31, 0, 0, 0, 15, 0, 0, 9, 0, 0, 0, 0, 5, 0, 0, 12, 0, 39, 0, 0, 0, 0, 0, 0, 0, 0, 0, 0, 0, 0, 17, 0, 0, 0, 6, 0, 0, 0, 0, 0, 0, 0, 6, 0, 0, 0, 0, 30, 0, 0, 0, 0, 0, 0, 30, 0, 0, 0, 0, 0, 41, 0, 0, 0, 0, 0, 0, 42, 0]
5 Equipments:	[0, 0, 1, 0, 0, 0, 0, 1, 0, 1, 0, 0, 0, 1, 0, 0, 1, 0, 0, 0, 0, 1, 0, 0, 0, 0, 1, 0, 1, 0, 0, 0, 0, 1, 0, 0, 0, 0, 0, 0, 0, 0, 0, 0, 0, 1, 0, 1, 0, 0, 1, 0, 1, 0, 0, 1, 0, 0, 0, 0, 0, 0, 0, 0, 0, 0, 0, 0, 1, 0, 0, 1, 0, 0, 0, 0, 0, 1, 0, 0, 0, 0, 0, 0, 1, 0, 0, 0, 0, 0]
Coverage:	[2, 2, 2, 2, 2, 2, 16, 7, 9, 9, 21, 21, 13, 13, 13, 13, 16, 7, 28, 28, 21, 21, 21, 13, 26, 26, 26, 28, 28, 28, 21, 21, 33, 33, 33, 45, 26, 47, 28, 28, 50, 50, 52, 33, 45, 45, 47, 47, 47, 47, 50, 52, 52, 52, 55, 55, 55, 47, 68, 68, 50, 71, 71, 52, 84, 55, 68, 77, 68, 68, 71, 71, 71, 71, 84, 77, 77, 77, 77, 77, 71, 71, 84, 84, 84, 84, 84, 77, 77, 77]
Rem. cap.:	[0, 0, 7, 0, 0, 0, 0, 15, 0, 15, 0, 0, 0, 9, 0, 0, 15, 0, 0, 0, 0, 33, 0, 0, 0, 0, 11, 0, 5, 0, 0, 0, 0, 16, 0, 0, 0, 0, 0, 0, 0, 0, 0, 0, 0, 9, 0, 27, 0, 0, 40, 0, 5, 0, 0, 7, 0, 0, 0, 0, 0, 0, 0, 0, 0, 0, 0, 0, 33, 0, 0, 30, 0, 0, 0, 0, 0, 38, 0, 0, 0, 0, 0, 0, 31, 0, 0, 0, 0, 0]
6 Equipments:	[0, 0, 0, 0, 1, 0, 0, 1, 0, 1, 0, 0, 1, 0, 1, 0, 0, 0, 0, 0, 0, 0, 0, 0, 0, 0, 1, 0, 0, 1, 0, 1, 0, 1, 0, 1, 0, 0, 0, 0, 0, 0, 0, 0, 0, 0, 0, 0, 1, 0, 0, 1, 0, 0, 0, 1, 0, 0, 0, 0, 0, 0, 0, 0, 0, 0, 0, 1, 0, 0, 1, 0, 1, 0, 0, 1, 0, 0, 0, 0, 0, 0, 0, 0, 0, 0, 0, 0, 1, 0]
Coverage:	[12, 12, 12, 4, 4, 4, 7, 7, 9, 9, 12, 12, 12, 12, 14, 14, 26, 26, 29, 29, 31, 31, 12, 33, 33, 35, 26, 26, 29, 29, 31, 31, 31, 33, 33, 35, 35, 35, 48, 29, 51, 51, 51, 33, 55, 35, 48, 48, 48, 48, 51, 51, 51, 51, 55, 55, 55, 67, 48, 48, 70, 51, 72, 72, 75, 75, 67, 67, 67, 67, 70, 72, 72, 72, 75, 75, 75, 67, 88, 88, 70, 70, 72, 72, 75, 75, 75, 88, 88, 88]
Rem. cap.:	[0, 0, 0, 0, 13, 0, 0, 15, 0, 15, 0, 0, 31, 0, 15, 0, 0, 0, 0, 0, 0, 0, 0, 0, 0, 0, 11, 0, 0, 9, 0, 37, 0, 0, 0, 0, 0, 0, 0, 0, 0, 0, 0, 0, 0, 0, 0, 0, 26, 0, 0, 8, 0, 0, 0, 6, 0, 0, 0, 0, 0, 0, 0, 0, 0, 0, 0, 32, 0, 0, 43, 0, 22, 0, 0, 21, 0, 0, 0, 0, 0, 0, 0, 0, 0, 0, 0, 0, 42, 0]
7 Equipments:	[0, 1, 0, 0, 1, 0, 0, 1, 0, 1, 0, 0, 0, 0, 1, 0, 0, 1, 0, 0, 0, 0, 1, 0, 1, 0, 0, 0, 1, 0, 0, 0, 0, 0, 1, 0, 0, 0, 0, 0, 0, 1, 0, 0, 0, 0, 0, 1, 0, 0, 0, 0, 0, 0, 1, 0, 0, 0, 0, 0, 0, 0, 1, 0, 0, 0, 0, 0, 1, 0, 0, 0, 0, 0, 0, 1, 0, 0, 0, 0, 0, 1, 0, 0, 0, 0, 0, 1, 0, 0]
Coverage:	[1, 1, 1, 4, 4, 4, 7, 7, 9, 9, 1, 1, 22, 14, 14, 14, 17, 17, 28, 28, 22, 22, 22, 22, 24, 24, 28, 28, 28, 28, 41, 41, 22, 34, 34, 34, 34, 47, 28, 28, 41, 41, 41, 41, 34, 47, 47, 47, 47, 47, 41, 41, 62, 54, 54, 54, 54, 47, 68, 68, 62, 62, 62, 62, 62, 75, 68, 68, 68, 68, 81, 81, 62, 75, 75, 75, 75, 87, 68, 68, 81, 81, 81, 81, 75, 75, 87, 87, 87, 87]
Rem. cap.:	[0, 37, 0, 0, 13, 0, 0, 15, 0, 15, 0, 0, 0, 0, 13, 0, 0, 15, 0, 0, 0, 0, 35, 0, 15, 0, 0, 0, 3, 0, 0, 0, 0, 0, 0, 0, 0, 0, 0, 0, 0, 14, 0, 0, 0, 0, 0, 16, 0, 0, 0, 0, 0, 0, 7, 0, 0, 0, 0, 0, 0, 0, 4, 0, 0, 0, 0, 0, 30, 0, 0, 0, 0, 0, 0, 31, 0, 0, 0, 0, 0, 41, 0, 0, 0, 0, 0, 42, 0, 0]
8 Equipments:	[0, 0, 0, 1, 0, 0, 0, 1, 1, 0, 1, 0, 0, 1, 0, 0, 0, 1, 0, 0, 0, 0, 0, 0, 0, 0, 1, 0, 0, 1, 0, 1, 0, 0, 1, 0, 0, 0, 0, 0, 0, 0, 1, 0, 0, 0, 0, 1, 0, 0, 0, 0, 1, 0, 0, 0, 0, 0, 0, 0, 0, 0, 0, 0, 0, 1, 0, 0, 1, 0, 0, 1, 0, 0, 0, 0, 0, 0, 0, 0, 0, 0, 0, 1, 0, 0, 0, 1, 0, 0]
Coverage:	[10, 3, 3, 3, 3, 3, 7, 7, 8, 8, 10, 10, 13, 13, 13, 13, 17, 17, 29, 29, 10, 31, 13, 13, 26, 26, 26, 26, 29, 29, 31, 31, 31, 34, 34, 34, 26, 47, 29, 29, 31, 42, 42, 42, 34, 47, 47, 47, 47, 47, 52, 52, 52, 52, 52, 65, 47, 47, 68, 68, 71, 71, 71, 65, 65, 65, 68, 65, 68, 68, 71, 71, 71, 71, 65, 65, 87, 87, 68, 68, 71, 71, 83, 83, 83, 87, 87, 87, 87, 87]
Rem. cap.:	[0, 0, 0, 9, 0, 0, 0, 15, 15, 0, 39, 0, 0, 7, 0, 0, 0, 15, 0, 0, 0, 0, 0, 0, 0, 0, 9, 0, 0, 7, 0, 37, 0, 0, 2, 0, 0, 0, 0, 0, 0, 0, 23, 0, 0, 0, 0, 6, 0, 0, 0, 0, 14, 0, 0, 0, 0, 0, 0, 0, 0, 0, 0, 0, 0, 4, 0, 0, 31, 0, 0, 29, 0, 0, 0, 0, 0, 0, 0, 0, 0, 0, 0, 44, 0, 0, 0, 40, 0, 0]
9 Equipments:	[0, 0, 0, 1, 0, 0, 1, 0, 1, 0, 0, 0, 0, 0, 1, 0, 1, 0, 0, 0, 0, 1, 0, 0, 0, 0, 1, 0, 0, 1, 0, 0, 0, 1, 0, 0, 0, 0, 0, 0, 0, 1, 0, 0, 1, 0, 0, 0, 1, 0, 0, 0, 0, 0, 0, 0, 0, 1, 0, 0, 0, 0, 0, 0, 0, 1, 0, 0, 0, 0, 0, 1, 0, 1, 0, 0, 0, 0, 1, 0, 0, 0, 0, 0, 0, 0, 1, 0, 0, 0]
Coverage:	[3, 21, 3, 3, 3, 3, 6, 6, 8, 8, 21, 21, 14, 14, 14, 14, 16, 16, 29, 29, 21, 21, 21, 33, 26, 26, 26, 26, 29, 29, 21, 21, 33, 33, 33, 33, 26, 26, 48, 29, 41, 41, 41, 44, 44, 44, 48, 57, 48, 48, 41, 41, 41, 73, 44, 65, 57, 57, 57, 57, 71, 71, 73, 73, 65, 65, 65, 57, 78, 78, 71, 71, 73, 73, 73, 65, 78, 78, 78, 78, 71, 71, 73, 73, 73, 86, 86, 86, 78, 78]
Rem. cap.:	[0, 0, 0, 9, 0, 0, 15, 0, 15, 0, 0, 0, 0, 0, 11, 0, 15, 0, 0, 0, 0, 31, 0, 0, 0, 0, 7, 0, 0, 9, 0, 0, 0, 9, 0, 0, 0, 0, 0, 0, 0, 19, 0, 0, 4, 0, 0, 0, 30, 0, 0, 0, 0, 0, 0, 0, 0, 31, 0, 0, 0, 0, 0, 0, 0, 6, 0, 0, 0, 0, 0, 41, 0, 11, 0, 0, 0, 0, 39, 0, 0, 0, 0, 0, 0, 0, 44, 0, 0, 0]
10 Equipments:	[0, 0, 1, 0, 0, 1, 0, 1, 0, 1, 0, 0, 0, 0, 1, 0, 1, 0, 0, 0, 1, 0, 0, 1, 0, 0, 0, 0, 1, 0, 0, 0, 0, 0, 0, 1, 0, 0, 0, 0, 0, 1, 0, 0, 0, 0, 0, 0, 0, 0, 0, 0, 0, 0, 1, 0, 0, 1, 0, 0, 0, 0, 0, 1, 0, 0, 0, 0, 0, 1, 0, 1, 0, 0, 0, 1, 0, 0, 0, 0, 0, 0, 0, 0, 0, 0, 0, 0, 1, 0]
Coverage:	[2, 2, 2, 2, 5, 5, 7, 7, 9, 9, 20, 20, 2, 14, 14, 14, 16, 16, 28, 28, 20, 20, 23, 23, 23, 23, 28, 28, 28, 28, 20, 41, 41, 23, 35, 35, 35, 35, 28, 28, 41, 41, 41, 41, 54, 35, 57, 57, 28, 57, 41, 41, 63, 54, 54, 54, 57, 57, 57, 69, 71, 71, 63, 63, 63, 75, 75, 57, 69, 69, 71, 71, 71, 63, 75, 75, 75, 75, 88, 69, 71, 71, 71, 63, 75, 75, 88, 88, 88, 88]
Rem. cap.:	[0, 0, 37, 0, 0, 15, 0, 15, 0, 15, 0, 0, 0, 0, 13, 0, 15, 0, 0, 0, 37, 0, 0, 9, 0, 0, 0, 0, 1, 0, 0, 0, 0, 0, 0, 0, 0, 0, 0, 0, 0, 14, 0, 0, 0, 0, 0, 0, 0, 0, 0, 0, 0, 0, 6, 0, 0, 19, 0, 0, 0, 0, 0, 5, 0, 0, 0, 0, 0, 43, 0, 39, 0, 0, 0, 21, 0, 0, 0, 0, 0, 0, 0, 0, 0, 0, 0, 0, 42, 0]

ADD_PMEDcap_90_27
1 Equipments:	[0, 0, 0, 1, 0, 1, 1, 1, 1, 1, 0, 1, 0, 1, 0, 1, 1, 0, 0, 1, 0, 0, 0, 1, 0, 0, 1, 0, 1, 0, 0, 0, 1, 1, 0, 0, 0, 1, 0, 0, 0, 0, 0, 0, 0, 1, 0, 0, 0, 0, 0, 1, 0, 0, 1, 0, 1, 0, 1, 0, 0, 0, 1, 0, 0, 0, 0, 0, 0, 0, 0, 0, 1, 0, 0, 1, 0, 0, 0, 0, 0, 0, 1, 0, 0, 0, 0, 0, 1, 0]
Coverage:	[11, 11, 3, 3, 3, 5, 6, 7, 8, 9, 11, 11, 13, 13, 13, 15, 16, 37, 28, 19, 11, 11, 23, 23, 23, 26, 26, 26, 28, 28, 32, 32, 32, 33, 33, 45, 37, 37, 37, 37, 51, 51, 32, 33, 54, 45, 56, 37, 58, 58, 51, 51, 51, 54, 54, 56, 56, 58, 58, 58, 51, 62, 62, 62, 62, 75, 75, 58, 58, 58, 72, 72, 72, 72, 75, 75, 75, 75, 88, 88, 82, 82, 82, 82, 82, 75, 88, 88, 88, 88]
Rem. cap.:	[0, 0, 0, 11, 0, 15, 15, 15, 15, 15, 0, 19, 0, 11, 0, 15, 15, 0, 0, 15, 0, 0, 0, 11, 0, 0, 11, 0, 11, 0, 0, 0, 14, 2, 0, 0, 0, 5, 0, 0, 0, 0, 0, 0, 0, 4, 0, 0, 0, 0, 0, 13, 0, 0, 0, 0, 0, 0, 21, 0, 0, 0, 0, 0, 0, 0, 0, 0, 0, 0, 0, 0, 27, 0, 0, 6, 0, 0, 0, 0, 0, 0, 26, 0, 0, 0, 0, 0, 25, 0]
2 Equipments:	[0, 0, 1, 0, 0, 1, 1, 1, 1, 1, 0, 0, 1, 0, 0, 1, 1, 0, 1, 0, 0, 0, 0, 1, 0, 1, 0, 1, 0, 0, 0, 1, 0, 0, 1, 0, 1, 0, 0, 1, 0, 1, 0, 0, 0, 0, 0, 1, 0, 0, 0, 1, 0, 0, 0, 1, 0, 0, 1, 0, 0, 0, 0, 1, 0, 0, 0, 0, 0, 0, 1, 0, 0, 0, 0, 0, 0, 1, 0, 0, 0, 0, 0, 0, 1, 0, 0, 0, 0, 1]
Coverage:	[2, 2, 2, 2, 2, 5, 6, 7, 8, 9, 12, 12, 12, 12, 12, 15, 16, 27, 18, 39, 31, 31, 23, 23, 23, 25, 27, 27, 27, 39, 31, 31, 31, 34, 34, 36, 36, 47, 39, 39, 41, 41, 41, 41, 34, 47, 47, 47, 47, 39, 51, 51, 51, 51, 55, 55, 58, 58, 58, 58, 70, 51, 63, 63, 63, 55, 77, 77, 58, 58, 70, 70, 70, 63, 84, 77, 77, 77, 77, 89, 70, 70, 84, 84, 84, 84, 84, 77, 89, 89]
Rem. cap.:	[0, 0, 7, 0, 0, 15, 15, 15, 15, 15, 0, 0, 7, 0, 0, 15, 15, 0, 15, 0, 0, 0, 0, 11, 0, 15, 0, 9, 0, 0, 0, 21, 0, 0, 2, 0, 13, 0, 0, 7, 0, 5, 0, 0, 0, 0, 0, 3, 0, 0, 0, 7, 0, 0, 0, 1, 0, 0, 16, 0, 0, 0, 0, 0, 0, 0, 0, 0, 0, 0, 25, 0, 0, 0, 0, 0, 0, 15, 0, 0, 0, 0, 0, 0, 25, 0, 0, 0, 0, 28]
3 Equipments:	[0, 1, 0, 1, 0, 0, 1, 1, 1, 1, 0, 0, 0, 1, 0, 1, 1, 1, 1, 0, 0, 0, 1, 0, 0, 0, 1, 0, 0, 1, 0, 0, 1, 0, 0, 0, 0, 1, 0, 0, 1, 0, 0, 1, 0, 0, 1, 0, 0, 0, 0, 0, 0, 1, 0, 0, 0, 0, 1, 0, 0, 1, 0, 0, 0, 1, 0, 0, 0, 0, 0, 0, 0, 0, 0, 0, 1, 0, 0, 1, 0, 1, 0, 1, 0, 0, 0, 0, 0, 0]
Coverage:	[1, 1, 3, 3, 1, 3, 6, 7, 8, 9, 1, 1, 13, 13, 13, 15, 16, 17, 18, 29, 22, 22, 22, 22, 22, 26, 26, 37, 29, 29, 40, 32, 32, 32, 32, 37, 37, 37, 37, 29, 40, 40, 40, 43, 43, 46, 46, 46, 58, 58, 40, 61, 53, 53, 53, 65, 58, 58, 58, 58, 61, 61, 61, 61, 65, 65, 76, 65, 58, 79, 61, 61, 83, 83, 76, 76, 76, 76, 79, 79, 81, 81, 83, 83, 83, 83, 76, 76, 79, 79]
Rem. cap.:	[0, 7, 0, 11, 0, 0, 15, 15, 15, 15, 0, 0, 0, 11, 0, 15, 15, 15, 15, 0, 0, 0, 7, 0, 0, 0, 13, 0, 0, 9, 0, 0, 9, 0, 0, 0, 0, 7, 0, 0, 12, 0, 0, 9, 0, 0, 7, 0, 0, 0, 0, 0, 0, 1, 0, 0, 0, 0, 13, 0, 0, 6, 0, 0, 0, 0, 0, 0, 0, 0, 0, 0, 0, 0, 0, 0, 15, 0, 0, 26, 0, 29, 0, 25, 0, 0, 0, 0, 0, 0]
4 Equipments:	[0, 0, 1, 0, 0, 1, 1, 1, 1, 1, 0, 0, 0, 1, 0, 1, 1, 1, 0, 1, 0, 1, 0, 0, 0, 1, 0, 0, 1, 0, 0, 0, 0, 1, 0, 0, 1, 0, 0, 0, 0, 1, 0, 0, 0, 1, 0, 0, 1, 0, 0, 0, 0, 1, 0, 1, 0, 0, 0, 0, 0, 1, 0, 0, 0, 0, 1, 0, 0, 1, 0, 0, 0, 0, 0, 1, 0, 0, 0, 0, 0, 0, 1, 0, 0, 0, 0, 0, 1, 0]
Coverage:	[2, 2, 2, 2, 2, 5, 6, 7, 8, 9, 21, 21, 13, 13, 13, 15, 16, 17, 28, 19, 21, 21, 21, 33, 21, 25, 25, 28, 28, 28, 41, 21, 33, 33, 33, 36, 36, 36, 48, 28, 41, 41, 41, 41, 45, 45, 48, 48, 48, 48, 61, 61, 53, 53, 55, 55, 55, 55, 48, 69, 61, 61, 61, 53, 66, 66, 66, 66, 69, 69, 61, 61, 82, 75, 75, 75, 75, 75, 88, 69, 82, 82, 82, 82, 82, 75, 88, 88, 88, 88]
Rem. cap.:	[0, 0, 7, 0, 0, 15, 15, 15, 15, 15, 0, 0, 0, 11, 0, 15, 15, 15, 0, 15, 0, 3, 0, 0, 0, 13, 0, 0, 7, 0, 0, 0, 0, 9, 0, 0, 11, 0, 0, 0, 0, 3, 0, 0, 0, 9, 0, 0, 11, 0, 0, 0, 0, 1, 0, 0, 0, 0, 0, 0, 0, 14, 0, 0, 0, 0, 0, 0, 0, 27, 0, 0, 0, 0, 0, 25, 0, 0, 0, 0, 0, 0, 25, 0, 0, 0, 0, 0, 26, 0]
5 Equipments:	[1, 0, 0, 1, 0, 1, 1, 1, 1, 1, 0, 0, 0, 1, 0, 1, 1, 0, 0, 0, 0, 0, 1, 0, 0, 1, 0, 1, 1, 0, 0, 0, 0, 0, 1, 1, 0, 0, 0, 1, 0, 1, 0, 0, 0, 0, 0, 1, 0, 0, 0, 0, 0, 1, 0, 0, 0, 0, 1, 0, 0, 1, 0, 0, 0, 1, 0, 0, 0, 0, 0, 1, 0, 0, 0, 0, 1, 0, 0, 0, 0, 0, 0, 1, 0, 0, 0, 0, 0, 1]
Coverage:	[0, 0, 3, 3, 3, 5, 6, 7, 8, 9, 0, 13, 13, 13, 13, 15, 16, 27, 28, 39, 22, 22, 22, 22, 22, 25, 27, 27, 28, 28, 41, 41, 22, 34, 34, 35, 35, 27, 39, 39, 41, 41, 41, 41, 34, 35, 47, 47, 47, 39, 61, 41, 53, 53, 53, 65, 58, 58, 58, 58, 61, 61, 61, 61, 65, 65, 76, 58, 58, 58, 71, 71, 71, 83, 76, 76, 76, 76, 76, 89, 71, 71, 83, 83, 83, 83, 76, 89, 89, 89]
Rem. cap.:	[25, 0, 0, 11, 0, 15, 15, 15, 15, 15, 0, 0, 0, 9, 0, 15, 15, 0, 0, 0, 0, 0, 5, 0, 0, 15, 0, 9, 11, 0, 0, 0, 0, 0, 2, 2, 0, 0, 0, 9, 0, 0, 0, 0, 0, 0, 0, 16, 0, 0, 0, 0, 0, 1, 0, 0, 0, 0, 15, 0, 0, 7, 0, 0, 0, 1, 0, 0, 0, 0, 0, 26, 0, 0, 0, 0, 15, 0, 0, 0, 0, 0, 0, 26, 0, 0, 0, 0, 0, 27]
6 Equipments:	[0, 0, 1, 0, 0, 1, 1, 1, 1, 1, 0, 0, 1, 0, 0, 1, 1, 1, 1, 0, 0, 0, 1, 0, 0, 0, 1, 0, 0, 1, 0, 0, 0, 1, 0, 0, 1, 0, 0, 0, 0, 1, 0, 0, 0, 0, 0, 0, 1, 0, 0, 1, 0, 0, 1, 1, 0, 0, 0, 0, 0, 0, 0, 0, 0, 1, 0, 1, 0, 0, 0, 0, 1, 0, 0, 0, 0, 0, 1, 0, 0, 0, 1, 0, 0, 0, 1, 0, 0, 0]
Coverage:	[2, 2, 2, 2, 2, 5, 6, 7, 8, 9, 12, 12, 12, 12, 12, 15, 16, 17, 18, 29, 22, 22, 22, 22, 22, 26, 26, 26, 29, 29, 41, 41, 33, 33, 33, 36, 36, 36, 48, 29, 41, 41, 41, 33, 54, 55, 36, 48, 48, 48, 51, 51, 51, 54, 54, 55, 55, 67, 48, 48, 51, 51, 72, 65, 65, 65, 67, 67, 67, 67, 72, 72, 72, 72, 72, 65, 86, 78, 78, 78, 82, 82, 82, 82, 86, 86, 86, 86, 78, 78]
Rem. cap.:	[0, 0, 7, 0, 0, 15, 15, 15, 15, 15, 0, 0, 7, 0, 0, 15, 15, 15, 15, 0, 0, 0, 7, 0, 0, 0, 11, 0, 0, 9, 0, 0, 0, 0, 0, 0, 0, 0, 0, 0, 0, 12, 0, 0, 0, 0, 0, 0, 21, 0, 0, 16, 0, 0, 0, 0, 0, 0, 0, 0, 0, 0, 0, 0, 0, 0, 0, 17, 0, 0, 0, 0, 16, 0, 0, 0, 0, 0, 26, 0, 0, 0, 27, 0, 0, 0, 26, 0, 0, 0]
7 Equipments:	[0, 1, 0, 1, 0, 1, 1, 1, 1, 1, 0, 0, 1, 0, 0, 1, 1, 1, 0, 0, 1, 0, 0, 1, 0, 0, 1, 0, 1, 0, 0, 0, 0, 1, 0, 0, 1, 0, 0, 1, 0, 1, 0, 0, 0, 1, 0, 0, 0, 0, 0, 0, 0, 1, 0, 0, 0, 1, 0, 0, 0, 0, 0, 1, 0, 0, 1, 0, 0, 0, 0, 1, 0, 0, 0, 0, 0, 0, 1, 0, 0, 0, 0, 0, 0, 1, 0, 0, 0, 0]
Coverage:	[1, 1, 3, 3, 3, 5, 6, 7, 8, 9, 20, 12, 12, 12, 12, 15, 16, 17, 28, 39, 20, 20, 23, 23, 23, 26, 26, 26, 28, 28, 20, 41, 33, 33, 33, 36, 36, 36, 39, 39, 41, 41, 41, 33, 45, 45, 36, 57, 39, 39, 41, 41, 53, 53, 53, 57, 57, 57, 57, 57, 71, 71, 63, 63, 63, 66, 66, 66, 78, 78, 71, 71, 71, 63, 85, 85, 66, 78, 78, 78, 71, 71, 71, 85, 85, 85, 85, 85, 78, 78]
Rem. cap.:	[0, 27, 0, 11, 0, 15, 15, 15, 15, 15, 0, 0, 9, 0, 0, 15, 15, 15, 0, 0, 23, 0, 0, 11, 0, 0, 11, 0, 11, 0, 0, 0, 0, 0, 0, 0, 0, 0, 0, 7, 0, 11, 0, 0, 0, 9, 0, 0, 0, 0, 0, 0, 0, 1, 0, 0, 0, 6, 0, 0, 0, 0, 0, 0, 0, 0, 9, 0, 0, 0, 0, 23, 0, 0, 0, 0, 0, 0, 24, 0, 0, 0, 0, 0, 0, 24, 0, 0, 0, 0]
8 Equipments:	[0, 0, 1, 0, 0, 1, 1, 1, 1, 1, 0, 0, 1, 0, 0, 1, 1, 1, 0, 0, 1, 0, 1, 0, 0, 0, 1, 0, 1, 1, 0, 0, 0, 0, 1, 1, 0, 0, 0, 0, 0, 1, 0, 0, 0, 0, 0, 1, 0, 0, 0, 0, 0, 1, 1, 0, 0, 0, 1, 0, 0, 1, 0, 0, 0, 0, 0, 0, 0, 0, 0, 1, 0, 0, 0, 1, 0, 0, 1, 0, 0, 0, 0, 1, 0, 0, 0, 0, 0, 0]
Coverage:	[2, 2, 2, 2, 2, 5, 6, 7, 8, 9, 20, 12, 12, 12, 12, 15, 16, 17, 28, 29, 20, 20, 22, 22, 22, 26, 26, 26, 28, 29, 20, 41, 22, 34, 34, 35, 35, 47, 28, 29, 41, 41, 41, 53, 34, 35, 47, 47, 58, 58, 41, 41, 53, 53, 54, 54, 58, 58, 58, 58, 61, 61, 61, 61, 54, 75, 75, 58, 78, 78, 71, 71, 71, 83, 75, 75, 75, 78, 78, 78, 71, 71, 83, 83, 83, 75, 75, 78, 78, 78]
Rem. cap.:	[0, 0, 7, 0, 0, 15, 15, 15, 15, 15, 0, 0, 9, 0, 0, 15, 15, 15, 0, 0, 23, 0, 9, 0, 0, 0, 11, 0, 11, 11, 0, 0, 0, 0, 2, 2, 0, 0, 0, 0, 0, 11, 0, 0, 0, 0, 0, 16, 0, 0, 0, 0, 0, 0, 1, 0, 0, 0, 13, 0, 0, 9, 0, 0, 0, 0, 0, 0, 0, 0, 0, 26, 0, 0, 0, 6, 0, 0, 23, 0, 0, 0, 0, 27, 0, 0, 0, 0, 0, 0]
9 Equipments:	[0, 0, 1, 0, 0, 1, 1, 1, 1, 1, 0, 1, 0, 1, 0, 1, 1, 0, 0, 0, 0, 0, 1, 0, 0, 1, 0, 1, 1, 1, 0, 0, 1, 0, 0, 1, 0, 0, 0, 0, 1, 0, 0, 0, 0, 0, 1, 0, 0, 0, 0, 0, 0, 1, 1, 0, 0, 0, 0, 1, 0, 1, 0, 0, 0, 0, 0, 1, 0, 0, 0, 0, 0, 0, 1, 0, 0, 0, 0, 0, 0, 1, 0, 0, 0, 0, 0, 0, 1, 0]
Coverage:	[2, 2, 2, 2, 2, 5, 6, 7, 8, 9, 11, 11, 11, 13, 13, 15, 16, 27, 28, 29, 22, 22, 22, 22, 22, 25, 27, 27, 28, 29, 40, 32, 32, 32, 32, 35, 35, 27, 28, 29, 40, 40, 40, 53, 54, 35, 46, 46, 46, 59, 40, 61, 53, 53, 54, 54, 46, 67, 59, 59, 61, 61, 61, 61, 74, 67, 67, 67, 67, 59, 81, 81, 74, 74, 74, 74, 74, 67, 88, 88, 81, 81, 81, 81, 74, 74, 88, 88, 88, 88]
Rem. cap.:	[0, 0, 7, 0, 0, 15, 15, 15, 15, 15, 0, 25, 0, 13, 0, 15, 15, 0, 0, 0, 0, 0, 7, 0, 0, 15, 0, 9, 11, 11, 0, 0, 9, 0, 0, 2, 0, 0, 0, 0, 12, 0, 0, 0, 0, 0, 6, 0, 0, 0, 0, 0, 0, 0, 0, 0, 0, 0, 0, 26, 0, 8, 0, 0, 0, 0, 0, 7, 0, 0, 0, 0, 0, 0, 14, 0, 0, 0, 0, 0, 0, 25, 0, 0, 0, 0, 0, 0, 25, 0]
10 Equipments:	[0, 0, 1, 0, 0, 1, 1, 1, 1, 1, 0, 1, 0, 0, 0, 1, 1, 1, 1, 0, 0, 0, 0, 1, 0, 0, 1, 0, 0, 1, 0, 0, 1, 0, 0, 0, 1, 0, 0, 0, 0, 0, 0, 0, 1, 0, 0, 0, 1, 0, 0, 1, 0, 1, 0, 1, 0, 0, 0, 0, 0, 0, 0, 0, 0, 0, 1, 0, 0, 0, 0, 0, 1, 0, 1, 0, 0, 0, 1, 0, 0, 1, 0, 0, 0, 0, 1, 0, 0, 0]
Coverage:	[2, 2, 2, 2, 2, 5, 6, 7, 8, 9, 11, 11, 11, 23, 11, 15, 16, 17, 18, 29, 11, 11, 23, 23, 23, 26, 26, 26, 29, 29, 32, 32, 32, 32, 44, 36, 36, 36, 48, 29, 51, 51, 32, 53, 44, 55, 36, 48, 48, 48, 51, 51, 51, 53, 53, 55, 55, 66, 48, 48, 51, 51, 72, 72, 74, 66, 66, 66, 78, 78, 72, 72, 72, 72, 74, 74, 66, 78, 78, 78, 81, 81, 72, 72, 74, 86, 86, 86, 78, 78]
Rem. cap.:	[0, 0, 7, 0, 0, 15, 15, 15, 15, 15, 0, 5, 0, 0, 0, 15, 15, 15, 15, 0, 0, 0, 0, 9, 0, 0, 11, 0, 0, 9, 0, 0, 12, 0, 0, 0, 0, 0, 0, 0, 0, 0, 0, 0, 4, 0, 0, 0, 21, 0, 0, 12, 0, 0, 0, 0, 0, 0, 0, 0, 0, 0, 0, 0, 0, 0, 8, 0, 0, 0, 0, 0, 5, 0, 18, 0, 0, 0, 24, 0, 0, 29, 0, 0, 0, 0, 28, 0, 0, 0]

ADD_PMEDcap_100_20
1 Equipments:	[0, 0, 1, 0, 0, 0, 0, 1, 1, 0, 0, 0, 0, 0, 1, 0, 0, 1, 0, 0, 0, 1, 0, 0, 0, 0, 0, 0, 0, 1, 0, 0, 0, 1, 0, 0, 1, 0, 0, 0, 0, 1, 0, 0, 0, 0, 1, 0, 0, 0, 0, 0, 0, 1, 0, 0, 0, 0, 1, 0, 1, 0, 1, 0, 0, 1, 0, 0, 0, 0, 0, 0, 0, 0, 0, 0, 0, 0, 0, 0, 0, 1, 0, 0, 0, 0, 0, 1, 0, 1, 0, 0, 0, 1, 0, 0, 0, 0, 0, 0]
Coverage:	[2, 2, 2, 2, 2, 2, 7, 7, 8, 8, 21, 21, 2, 14, 14, 14, 17, 17, 29, 29, 21, 21, 21, 33, 33, 36, 36, 36, 29, 29, 21, 41, 33, 33, 33, 36, 36, 36, 58, 29, 41, 41, 41, 53, 46, 46, 46, 46, 58, 58, 41, 41, 62, 53, 53, 53, 46, 58, 58, 58, 60, 62, 62, 62, 65, 65, 65, 65, 58, 58, 60, 81, 62, 62, 65, 65, 87, 87, 58, 89, 81, 81, 81, 93, 93, 87, 87, 87, 87, 89, 81, 81, 93, 93, 93, 93, 87, 87, 87, 89]
Rem. cap.:	[0, 0, 0, 0, 0, 0, 0, 10, 10, 0, 0, 0, 0, 0, 8, 0, 0, 10, 0, 0, 0, 30, 0, 0, 0, 0, 0, 0, 0, 4, 0, 0, 0, 4, 0, 0, 2, 0, 0, 0, 0, 24, 0, 0, 0, 0, 9, 0, 0, 0, 0, 0, 0, 10, 0, 0, 0, 0, 30, 0, 40, 0, 5, 0, 0, 6, 0, 0, 0, 0, 0, 0, 0, 0, 0, 0, 0, 0, 0, 0, 0, 36, 0, 0, 0, 0, 0, 27, 0, 39, 0, 0, 0, 36, 0, 0, 0, 0, 0, 0]
2 Equipments:	[0, 0, 0, 1, 0, 1, 0, 0, 0, 1, 0, 1, 0, 0, 0, 0, 1, 1, 0, 0, 0, 0, 0, 0, 0, 0, 0, 0, 1, 0, 1, 0, 0, 1, 0, 1, 0, 0, 0, 0, 0, 0, 0, 1, 0, 0, 0, 1, 0, 0, 0, 1, 0, 0, 0, 0, 0, 0, 0, 0, 0, 0, 0, 0, 0, 1, 0, 0, 1, 0, 0, 0, 1, 0, 0, 0, 0, 1, 0, 0, 0, 0, 0, 0, 0, 1, 0, 0, 1, 0, 0, 1, 0, 0, 0, 0, 0, 0, 0, 0]
Coverage:	[11, 11, 3, 3, 3, 5, 16, 17, 9, 9, 11, 11, 11, 3, 3, 5, 16, 17, 28, 28, 30, 11, 33, 33, 33, 35, 16, 28, 28, 28, 30, 30, 33, 33, 33, 35, 35, 47, 28, 28, 30, 51, 43, 43, 43, 35, 47, 47, 47, 47, 51, 51, 51, 43, 43, 65, 47, 47, 68, 68, 51, 51, 72, 72, 65, 65, 65, 68, 68, 68, 72, 72, 72, 72, 72, 77, 77, 77, 68, 68, 91, 91, 72, 85, 85, 85, 85, 88, 88, 88, 91, 91, 91, 91, 85, 85, 85, 88, 88, 88]
Rem. cap.:	[0, 0, 0, 4, 0, 10, 0, 0, 0, 10, 0, 30, 0, 0, 0, 0, 8, 10, 0, 0, 0, 0, 0, 0, 0, 0, 0, 0, 0, 0, 34, 0, 0, 2, 0, 0, 0, 0, 0, 0, 0, 0, 0, 2, 0, 0, 0, 18, 0, 0, 0, 26, 0, 0, 0, 0, 0, 0, 0, 0, 0, 0, 0, 0, 0, 13, 0, 0, 35, 0, 0, 0, 4, 0, 0, 0, 0, 27, 0, 0, 0, 0, 0, 0, 0, 35, 0, 0, 36, 0, 0, 36, 0, 0, 0, 0, 0, 0, 0, 0]
3 Equipments:	[0, 0, 0, 1, 0, 0, 0, 1, 1, 0, 0, 1, 0, 0, 1, 0, 0, 1, 0, 0, 0, 1, 0, 0, 0, 0, 0, 0, 1, 0, 0, 0, 0, 0, 1, 0, 1, 0, 0, 0, 0, 0, 1, 0, 0, 1, 0, 0, 0, 0, 0, 0, 0, 0, 0, 0, 0, 0, 1, 0, 0, 1, 0, 0, 0, 1, 0, 0, 0, 0, 0, 0, 0, 0, 0, 0, 0, 0, 1, 0, 0, 0, 0, 1, 0, 0, 0, 0, 0, 0, 0, 1, 0, 0, 0, 0, 1, 0, 0, 1]
Coverage:	[11, 11, 3, 3, 3, 3, 7, 7, 8, 8, 11, 11, 14, 14, 14, 14, 17, 17, 28, 28, 21, 21, 21, 34, 34, 36, 36, 28, 28, 28, 21, 21, 42, 34, 34, 36, 36, 36, 28, 28, 42, 42, 42, 42, 45, 45, 45, 36, 58, 58, 61, 61, 42, 42, 45, 45, 58, 58, 58, 58, 61, 61, 61, 61, 65, 65, 65, 65, 78, 58, 61, 61, 61, 83, 65, 65, 78, 78, 78, 78, 91, 91, 83, 83, 83, 83, 96, 96, 78, 78, 91, 91, 91, 83, 96, 96, 96, 96, 99, 99]
Rem. cap.:	[0, 0, 0, 6, 0, 0, 0, 10, 10, 0, 0, 34, 0, 0, 6, 0, 0, 10, 0, 0, 0, 32, 0, 0, 0, 0, 0, 0, 0, 0, 0, 0, 0, 0, 6, 0, 2, 0, 0, 0, 0, 0, 4, 0, 0, 2, 0, 0, 0, 0, 0, 0, 0, 0, 0, 0, 0, 0, 27, 0, 0, 13, 0, 0, 0, 6, 0, 0, 0, 0, 0, 0, 0, 0, 0, 0, 0, 0, 29, 0, 0, 0, 0, 30, 0, 0, 0, 0, 0, 0, 0, 37, 0, 0, 0, 0, 36, 0, 0, 40]
4 Equipments:	[0, 0, 0, 1, 0, 0, 1, 0, 0, 1, 0, 1, 0, 1, 0, 0, 0, 1, 1, 0, 0, 0, 0, 0, 1, 0, 1, 0, 0, 0, 0, 0, 1, 0, 0, 0, 0, 0, 0, 1, 0, 0, 1, 0, 0, 1, 0, 0, 0, 0, 1, 0, 0, 0, 0, 0, 1, 0, 0, 0, 0, 0, 1, 0, 0, 0, 0, 0, 0, 0, 0, 0, 0, 0, 0, 0, 0, 0, 1, 0, 0, 0, 0, 0, 1, 0, 0, 0, 0, 0, 0, 1, 0, 0, 0, 0, 0, 1, 0, 0]
Coverage:	[11, 11, 3, 3, 3, 6, 6, 17, 9, 9, 11, 11, 13, 13, 13, 13, 26, 17, 18, 18, 11, 11, 32, 13, 24, 26, 26, 26, 26, 39, 32, 32, 32, 32, 24, 45, 26, 39, 39, 39, 50, 42, 42, 42, 45, 45, 45, 45, 39, 39, 50, 50, 42, 42, 56, 56, 56, 56, 56, 39, 50, 62, 62, 62, 62, 56, 56, 56, 78, 78, 50, 62, 62, 62, 84, 84, 78, 78, 78, 78, 91, 91, 84, 84, 84, 84, 84, 97, 78, 78, 91, 91, 91, 91, 84, 84, 97, 97, 97, 97]
Rem. cap.:	[0, 0, 0, 22, 0, 0, 10, 0, 0, 10, 0, 30, 0, 4, 0, 0, 0, 10, 10, 0, 0, 0, 0, 0, 10, 0, 2, 0, 0, 0, 0, 0, 32, 0, 0, 0, 0, 0, 0, 29, 0, 0, 8, 0, 0, 0, 0, 0, 0, 0, 34, 0, 0, 0, 0, 0, 2, 0, 0, 0, 0, 0, 5, 0, 0, 0, 0, 0, 0, 0, 0, 0, 0, 0, 0, 0, 0, 0, 28, 0, 0, 0, 0, 0, 21, 0, 0, 0, 0, 0, 0, 36, 0, 0, 0, 0, 0, 37, 0, 0]
5 Equipments:	[0, 0, 0, 0, 1, 0, 1, 0, 1, 0, 0, 1, 0, 0, 1, 0, 0, 0, 0, 1, 0, 0, 0, 1, 0, 0, 1, 0, 0, 0, 0, 0, 0, 0, 0, 0, 0, 0, 1, 0, 0, 1, 0, 0, 0, 1, 0, 0, 0, 0, 0, 0, 0, 1, 0, 0, 0, 1, 0, 0, 0, 1, 0, 0, 0, 1, 0, 0, 0, 0, 0, 0, 0, 0, 0, 0, 0, 0, 1, 0, 0, 0, 1, 0, 0, 0, 0, 0, 0, 0, 0, 1, 0, 0, 0, 0, 1, 0, 1, 0]
Coverage:	[11, 11, 4, 4, 4, 4, 6, 6, 8, 8, 11, 11, 11, 23, 14, 14, 26, 19, 38, 19, 11, 11, 23, 23, 23, 26, 26, 26, 38, 19, 41, 41, 23, 23, 23, 45, 26, 38, 38, 38, 41, 41, 41, 53, 45, 45, 45, 57, 38, 38, 41, 41, 53, 53, 53, 57, 57, 57, 57, 57, 61, 61, 61, 65, 65, 65, 65, 57, 78, 78, 61, 61, 82, 82, 65, 65, 78, 78, 78, 78, 82, 82, 82, 82, 82, 96, 96, 96, 98, 78, 91, 91, 82, 82, 96, 96, 96, 96, 98, 98]
Rem. cap.:	[0, 0, 0, 0, 6, 0, 10, 0, 10, 0, 0, 28, 0, 0, 10, 0, 0, 0, 0, 8, 0, 0, 0, 0, 0, 0, 4, 0, 0, 0, 0, 0, 0, 0, 0, 0, 0, 0, 14, 0, 0, 22, 0, 0, 0, 2, 0, 0, 0, 0, 0, 0, 0, 10, 0, 0, 0, 21, 0, 0, 0, 31, 0, 0, 0, 0, 0, 0, 0, 0, 0, 0, 0, 0, 0, 0, 0, 0, 29, 0, 0, 0, 21, 0, 0, 0, 0, 0, 0, 0, 0, 40, 0, 0, 0, 0, 35, 0, 39, 0]
6 Equipments:	[0, 0, 0, 0, 1, 0, 1, 0, 0, 1, 0, 1, 0, 0, 1, 0, 0, 1, 0, 0, 0, 0, 0, 1, 0, 0, 0, 0, 1, 0, 1, 0, 0, 0, 0, 0, 1, 0, 0, 0, 0, 0, 0, 0, 0, 1, 0, 0, 0, 0, 0, 0, 1, 0, 0, 0, 0, 0, 0, 1, 0, 1, 0, 0, 0, 0, 0, 1, 0, 0, 0, 0, 0, 0, 1, 0, 0, 0, 0, 0, 1, 0, 1, 0, 0, 0, 0, 0, 1, 0, 0, 0, 0, 0, 0, 0, 1, 0, 0, 0]
Coverage:	[11, 11, 4, 4, 4, 4, 6, 6, 9, 9, 11, 11, 11, 14, 14, 14, 17, 17, 28, 28, 30, 23, 23, 23, 23, 23, 36, 28, 28, 28, 30, 30, 30, 23, 36, 36, 36, 36, 28, 28, 30, 52, 52, 52, 45, 45, 45, 45, 59, 59, 61, 61, 52, 52, 52, 45, 67, 67, 59, 59, 61, 61, 61, 61, 74, 67, 67, 67, 67, 67, 61, 61, 82, 74, 74, 74, 74, 67, 88, 88, 80, 82, 82, 82, 74, 74, 96, 88, 88, 88, 80, 82, 82, 82, 96, 96, 96, 96, 88, 88]
Rem. cap.:	[0, 0, 0, 0, 6, 0, 10, 0, 0, 10, 0, 32, 0, 0, 8, 0, 0, 10, 0, 0, 0, 0, 0, 2, 0, 0, 0, 0, 0, 0, 32, 0, 0, 0, 0, 0, 4, 0, 0, 0, 0, 0, 0, 0, 0, 8, 0, 0, 0, 0, 0, 0, 0, 0, 0, 0, 0, 0, 0, 36, 0, 20, 0, 0, 0, 0, 0, 16, 0, 0, 0, 0, 0, 0, 5, 0, 0, 0, 0, 0, 40, 0, 29, 0, 0, 0, 0, 0, 35, 0, 0, 0, 0, 0, 0, 0, 37, 0, 0, 0]
7 Equipments:	[0, 0, 1, 0, 1, 0, 1, 0, 1, 0, 0, 0, 0, 0, 0, 1, 0, 0, 0, 1, 1, 0, 0, 1, 0, 0, 0, 1, 0, 0, 0, 0, 0, 1, 0, 0, 0, 0, 0, 0, 0, 0, 0, 1, 0, 0, 0, 0, 0, 1, 1, 0, 0, 0, 0, 0, 1, 0, 0, 0, 0, 0, 0, 1, 1, 0, 0, 1, 0, 0, 0, 0, 0, 0, 0, 0, 0, 0, 0, 0, 0, 1, 0, 0, 0, 0, 0, 0, 1, 0, 0, 0, 0, 0, 0, 1, 0, 0, 0, 0]
Coverage:	[2, 2, 2, 2, 4, 4, 6, 6, 8, 8, 20, 20, 2, 23, 23, 15, 15, 27, 19, 19, 20, 20, 23, 23, 23, 27, 27, 27, 27, 19, 20, 33, 33, 33, 33, 33, 27, 27, 49, 49, 50, 50, 43, 43, 43, 56, 56, 49, 49, 49, 50, 50, 63, 63, 64, 56, 56, 56, 56, 49, 50, 50, 63, 63, 64, 64, 67, 67, 67, 67, 81, 81, 81, 63, 64, 64, 67, 67, 88, 88, 81, 81, 81, 81, 95, 95, 88, 88, 88, 88, 81, 81, 81, 95, 95, 95, 95, 95, 88, 88]
Rem. cap.:	[0, 0, 32, 0, 10, 0, 10, 0, 10, 0, 0, 0, 0, 0, 0, 10, 0, 0, 0, 8, 32, 0, 0, 4, 0, 0, 0, 0, 0, 0, 0, 0, 0, 4, 0, 0, 0, 0, 0, 0, 0, 0, 0, 18, 0, 0, 0, 0, 0, 31, 32, 0, 0, 0, 0, 0, 9, 0, 0, 0, 0, 0, 0, 5, 6, 0, 0, 24, 0, 0, 0, 0, 0, 0, 0, 0, 0, 0, 0, 0, 0, 26, 0, 0, 0, 0, 0, 0, 34, 0, 0, 0, 0, 0, 0, 35, 0, 0, 0, 0]
8 Equipments:	[0, 0, 0, 0, 1, 0, 0, 1, 0, 1, 0, 1, 0, 1, 0, 0, 0, 0, 0, 0, 0, 0, 0, 0, 1, 0, 0, 1, 0, 1, 0, 0, 1, 0, 0, 0, 0, 0, 0, 0, 0, 0, 0, 0, 0, 1, 0, 0, 1, 0, 0, 1, 0, 1, 0, 0, 0, 0, 0, 0, 0, 0, 0, 1, 0, 0, 1, 0, 0, 1, 0, 0, 0, 0, 0, 0, 0, 0, 0, 0, 0, 1, 0, 1, 0, 0, 0, 1, 0, 0, 0, 0, 0, 0, 1, 0, 0, 0, 0, 0]
Coverage:	[11, 11, 4, 4, 4, 4, 7, 7, 9, 9, 11, 11, 13, 13, 13, 13, 27, 27, 29, 29, 11, 11, 32, 24, 24, 24, 27, 27, 29, 29, 32, 32, 32, 32, 32, 45, 27, 27, 27, 29, 51, 51, 32, 53, 45, 45, 48, 48, 48, 48, 51, 51, 51, 53, 53, 45, 66, 66, 48, 69, 51, 51, 63, 63, 63, 66, 66, 66, 69, 69, 81, 81, 63, 83, 83, 66, 66, 87, 69, 69, 81, 81, 83, 83, 83, 83, 87, 87, 87, 87, 81, 81, 83, 83, 94, 94, 94, 87, 87, 87]
Rem. cap.:	[0, 0, 0, 0, 6, 0, 0, 10, 0, 10, 0, 30, 0, 6, 0, 0, 0, 0, 0, 0, 0, 0, 0, 0, 8, 0, 0, 0, 0, 4, 0, 0, 8, 0, 0, 0, 0, 0, 0, 0, 0, 0, 0, 0, 0, 2, 0, 0, 27, 0, 0, 24, 0, 18, 0, 0, 0, 0, 0, 0, 0, 0, 0, 14, 0, 0, 5, 0, 0, 37, 0, 0, 0, 0, 0, 0, 0, 0, 0, 0, 0, 36, 0, 22, 0, 0, 0, 34, 0, 0, 0, 0, 0, 0, 39, 0, 0, 0, 0, 0]
9 Equipments:	[0, 0, 0, 1, 0, 0, 1, 0, 0, 1, 0, 1, 0, 0, 0, 1, 0, 1, 0, 0, 0, 0, 0, 0, 1, 0, 0, 0, 0, 1, 0, 0, 1, 0, 0, 0, 1, 0, 0, 0, 1, 0, 0, 0, 0, 0, 1, 0, 0, 0, 0, 0, 0, 0, 1, 0, 0, 0, 1, 0, 0, 1, 0, 0, 1, 0, 0, 0, 0, 0, 0, 0, 0, 0, 0, 0, 0, 0, 0, 0, 1, 0, 0, 1, 0, 0, 1, 0, 1, 0, 0, 0, 0, 0, 0, 0, 0, 0, 0, 0]
Coverage:	[11, 11, 3, 3, 3, 3, 6, 6, 9, 9, 11, 11, 11, 3, 15, 15, 17, 17, 29, 29, 11, 11, 32, 24, 24, 24, 36, 17, 29, 29, 40, 32, 32, 32, 32, 36, 36, 36, 36, 29, 40, 40, 32, 32, 54, 46, 46, 36, 58, 29, 40, 61, 54, 54, 54, 54, 58, 58, 58, 58, 61, 61, 61, 64, 64, 64, 64, 58, 58, 58, 80, 61, 61, 83, 64, 86, 86, 88, 88, 88, 80, 80, 83, 83, 83, 86, 86, 88, 88, 88, 80, 80, 83, 83, 83, 86, 86, 86, 88, 88]
Rem. cap.:	[0, 0, 0, 4, 0, 0, 10, 0, 0, 10, 0, 28, 0, 0, 0, 10, 0, 8, 0, 0, 0, 0, 0, 0, 8, 0, 0, 0, 0, 2, 0, 0, 2, 0, 0, 0, 16, 0, 0, 0, 34, 0, 0, 0, 0, 0, 26, 0, 0, 0, 0, 0, 0, 0, 2, 0, 0, 0, 27, 0, 0, 23, 0, 0, 7, 0, 0, 0, 0, 0, 0, 0, 0, 0, 0, 0, 0, 0, 0, 0, 37, 0, 0, 29, 0, 0, 23, 0, 34, 0, 0, 0, 0, 0, 0, 0, 0, 0, 0, 0]
10 Equipments:	[0, 0, 1, 0, 0, 0, 1, 0, 1, 0, 0, 0, 0, 1, 0, 0, 0, 1, 0, 1, 0, 1, 0, 0, 0, 1, 0, 0, 0, 0, 0, 0, 0, 1, 0, 0, 0, 0, 0, 1, 0, 1, 0, 0, 0, 0, 1, 0, 0, 0, 0, 0, 0, 1, 0, 0, 0, 0, 0, 0, 0, 1, 0, 0, 0, 1, 0, 0, 1, 0, 0, 0, 0, 0, 0, 0, 0, 0, 0, 0, 0, 1, 0, 0, 1, 0, 0, 0, 1, 0, 0, 0, 0, 0, 0, 0, 1, 0, 0, 0]
Coverage:	[2, 2, 2, 2, 2, 2, 6, 6, 8, 8, 21, 21, 13, 13, 13, 13, 17, 17, 19, 19, 21, 21, 21, 13, 25, 25, 25, 17, 39, 39, 41, 41, 33, 33, 33, 33, 46, 46, 39, 39, 41, 41, 41, 53, 46, 46, 46, 46, 46, 39, 41, 41, 53, 53, 53, 53, 46, 46, 68, 68, 61, 61, 61, 65, 65, 65, 65, 68, 68, 68, 61, 61, 61, 84, 84, 65, 65, 68, 68, 68, 81, 81, 81, 84, 84, 84, 96, 88, 88, 88, 81, 81, 81, 84, 84, 84, 96, 96, 88, 88]
Rem. cap.:	[0, 0, 2, 0, 0, 0, 10, 0, 10, 0, 0, 0, 0, 4, 0, 0, 0, 8, 0, 10, 0, 32, 0, 0, 0, 8, 0, 0, 0, 0, 0, 0, 0, 6, 0, 0, 0, 0, 0, 32, 0, 22, 0, 0, 0, 0, 2, 0, 0, 0, 0, 0, 0, 2, 0, 0, 0, 0, 0, 0, 0, 24, 0, 0, 0, 0, 0, 0, 34, 0, 0, 0, 0, 0, 0, 0, 0, 0, 0, 0, 0, 36, 0, 0, 22, 0, 0, 0, 37, 0, 0, 0, 0, 0, 0, 0, 39, 0, 0, 0]

ADD_PMEDcap_100_30
1 Equipments:	[0, 0, 1, 0, 0, 1, 1, 1, 1, 1, 0, 0, 1, 0, 0, 1, 1, 1, 0, 0, 0, 0, 1, 0, 0, 0, 1, 0, 0, 1, 1, 0, 0, 0, 1, 1, 0, 0, 1, 0, 0, 1, 0, 0, 0, 0, 1, 0, 0, 0, 0, 1, 0, 0, 1, 0, 0, 0, 1, 0, 0, 0, 0, 0, 0, 1, 0, 1, 0, 0, 0, 0, 1, 0, 0, 0, 0, 0, 1, 0, 0, 0, 0, 0, 1, 0, 0, 0, 0, 0, 0, 1, 0, 0, 0, 0, 0, 1, 0, 1]
Coverage:	[2, 2, 2, 2, 2, 5, 6, 7, 8, 9, 12, 12, 12, 12, 12, 15, 16, 17, 38, 29, 30, 22, 22, 22, 22, 26, 26, 26, 38, 29, 30, 30, 22, 34, 34, 35, 46, 38, 38, 38, 41, 41, 41, 41, 34, 46, 46, 46, 58, 58, 51, 51, 51, 54, 54, 54, 58, 58, 58, 58, 51, 51, 72, 65, 65, 65, 67, 67, 58, 58, 72, 72, 72, 72, 84, 65, 78, 78, 78, 78, 91, 91, 72, 84, 84, 84, 84, 97, 78, 99, 91, 91, 91, 91, 84, 97, 97, 97, 97, 99]
Rem. cap.:	[0, 0, 4, 0, 0, 12, 12, 12, 12, 12, 0, 0, 4, 0, 0, 12, 12, 12, 0, 0, 0, 0, 4, 0, 0, 0, 8, 0, 0, 10, 22, 0, 0, 0, 2, 12, 0, 0, 4, 0, 0, 8, 0, 0, 0, 0, 8, 0, 0, 0, 0, 14, 0, 0, 4, 0, 0, 0, 12, 0, 0, 0, 0, 0, 0, 0, 0, 20, 0, 0, 0, 0, 4, 0, 0, 0, 0, 0, 17, 0, 0, 0, 0, 0, 16, 0, 0, 0, 0, 0, 0, 22, 0, 0, 0, 0, 0, 23, 0, 26]
2 Equipments:	[0, 1, 0, 1, 0, 1, 1, 1, 1, 1, 0, 0, 0, 1, 0, 1, 1, 1, 1, 0, 0, 1, 0, 0, 0, 0, 1, 0, 0, 1, 0, 0, 0, 1, 0, 0, 0, 0, 0, 0, 0, 0, 0, 1, 0, 1, 0, 0, 1, 0, 0, 1, 0, 0, 1, 0, 1, 0, 0, 0, 0, 0, 1, 0, 0, 0, 0, 0, 1, 0, 0, 0, 1, 0, 0, 0, 1, 0, 0, 0, 0, 0, 0, 0, 1, 0, 0, 0, 1, 0, 0, 1, 0, 0, 0, 0, 1, 0, 0, 0]
Coverage:	[1, 1, 3, 3, 3, 5, 6, 7, 8, 9, 1, 1, 13, 13, 13, 15, 16, 17, 18, 29, 21, 21, 21, 33, 21, 26, 26, 26, 29, 29, 21, 21, 33, 33, 33, 45, 26, 26, 48, 29, 51, 51, 43, 43, 43, 45, 56, 48, 48, 48, 51, 51, 51, 54, 54, 54, 56, 56, 48, 48, 62, 62, 62, 62, 62, 76, 56, 68, 68, 68, 72, 72, 72, 72, 84, 76, 76, 76, 68, 88, 91, 91, 72, 84, 84, 84, 96, 88, 88, 88, 91, 91, 91, 91, 84, 96, 96, 96, 88, 88]
Rem. cap.:	[0, 20, 0, 8, 0, 12, 12, 12, 12, 12, 0, 0, 0, 8, 0, 12, 12, 12, 12, 0, 0, 2, 0, 0, 0, 0, 4, 0, 0, 6, 0, 0, 0, 6, 0, 0, 0, 0, 0, 0, 0, 0, 0, 4, 0, 4, 0, 0, 18, 0, 0, 12, 0, 0, 4, 0, 5, 0, 0, 0, 0, 0, 5, 0, 0, 0, 0, 0, 24, 0, 0, 0, 11, 0, 0, 0, 6, 0, 0, 0, 0, 0, 0, 0, 17, 0, 0, 0, 22, 0, 0, 22, 0, 0, 0, 0, 24, 0, 0, 0]
3 Equipments:	[0, 0, 0, 1, 0, 1, 1, 1, 1, 1, 1, 0, 0, 1, 0, 1, 1, 1, 0, 0, 0, 0, 0, 1, 0, 0, 1, 0, 0, 1, 0, 1, 0, 1, 0, 0, 1, 0, 1, 0, 0, 0, 0, 1, 0, 0, 1, 0, 0, 0, 0, 0, 1, 0, 1, 0, 0, 0, 0, 1, 0, 1, 0, 0, 0, 0, 0, 0, 0, 0, 0, 0, 0, 0, 1, 0, 0, 1, 0, 0, 0, 1, 0, 0, 0, 0, 1, 0, 0, 0, 0, 0, 0, 1, 0, 0, 0, 0, 1, 0]
Coverage:	[10, 3, 3, 3, 3, 5, 6, 7, 8, 9, 10, 10, 13, 13, 13, 15, 16, 17, 38, 29, 10, 31, 23, 23, 23, 26, 26, 26, 29, 29, 31, 31, 31, 33, 33, 36, 36, 36, 38, 38, 31, 31, 43, 43, 43, 46, 46, 46, 38, 59, 52, 52, 52, 52, 54, 54, 46, 59, 59, 59, 61, 61, 61, 61, 54, 74, 77, 77, 77, 59, 61, 61, 61, 74, 74, 74, 77, 77, 77, 77, 81, 81, 81, 93, 86, 86, 86, 77, 98, 98, 81, 81, 93, 93, 93, 93, 86, 98, 98, 98]
Rem. cap.:	[0, 0, 0, 6, 0, 12, 12, 12, 12, 12, 20, 0, 0, 8, 0, 12, 12, 12, 0, 0, 0, 0, 0, 8, 0, 0, 8, 0, 0, 8, 0, 16, 0, 10, 0, 0, 8, 0, 6, 0, 0, 0, 0, 4, 0, 0, 3, 0, 0, 0, 0, 0, 8, 0, 5, 0, 0, 0, 0, 22, 0, 3, 0, 0, 0, 0, 0, 0, 0, 0, 0, 0, 0, 0, 0, 0, 0, 8, 0, 0, 0, 23, 0, 0, 0, 0, 24, 0, 0, 0, 0, 0, 0, 23, 0, 0, 0, 0, 23, 0]
4 Equipments:	[0, 0, 0, 1, 0, 1, 1, 1, 1, 1, 0, 1, 0, 0, 0, 1, 1, 1, 1, 0, 0, 1, 0, 1, 0, 0, 1, 0, 0, 1, 0, 0, 0, 1, 0, 0, 0, 1, 0, 0, 1, 0, 0, 0, 0, 0, 1, 0, 0, 0, 0, 0, 0, 1, 1, 0, 0, 0, 1, 0, 0, 1, 0, 1, 0, 0, 0, 0, 0, 0, 0, 0, 0, 0, 0, 0, 1, 0, 0, 1, 0, 1, 0, 0, 1, 0, 0, 0, 0, 0, 0, 0, 1, 0, 0, 0, 0, 1, 0, 0]
Coverage:	[11, 11, 3, 3, 3, 5, 6, 7, 8, 9, 11, 11, 11, 23, 11, 15, 16, 17, 18, 29, 21, 21, 21, 23, 23, 26, 26, 26, 29, 29, 40, 21, 33, 33, 33, 37, 37, 37, 37, 29, 40, 40, 40, 53, 54, 46, 46, 46, 58, 58, 40, 61, 53, 53, 54, 54, 46, 58, 58, 58, 61, 61, 61, 63, 63, 63, 76, 58, 58, 79, 61, 61, 61, 63, 84, 76, 76, 76, 79, 79, 81, 81, 81, 84, 84, 84, 76, 97, 97, 79, 81, 81, 92, 92, 84, 97, 97, 97, 97, 97]
Rem. cap.:	[0, 0, 0, 8, 0, 12, 12, 12, 12, 12, 0, 2, 0, 0, 0, 12, 12, 12, 12, 0, 0, 20, 0, 8, 0, 0, 8, 0, 0, 6, 0, 0, 0, 8, 0, 0, 0, 6, 0, 0, 12, 0, 0, 0, 0, 0, 3, 0, 0, 0, 0, 0, 0, 4, 4, 0, 0, 0, 19, 0, 0, 8, 0, 0, 0, 0, 0, 0, 0, 0, 0, 0, 0, 0, 0, 0, 5, 0, 0, 24, 0, 23, 0, 0, 17, 0, 0, 0, 0, 0, 0, 0, 26, 0, 0, 0, 0, 21, 0, 0]
5 Equipments:	[0, 0, 1, 0, 0, 1, 1, 1, 1, 1, 1, 0, 0, 1, 0, 1, 1, 0, 1, 0, 0, 0, 0, 1, 0, 0, 1, 0, 0, 1, 0, 1, 0, 1, 0, 0, 0, 1, 0, 0, 0, 0, 0, 1, 0, 1, 0, 1, 0, 0, 0, 1, 0, 0, 1, 0, 0, 0, 0, 0, 0, 1, 0, 0, 1, 0, 0, 0, 1, 0, 0, 0, 0, 0, 0, 1, 0, 0, 0, 0, 0, 1, 0, 1, 0, 0, 0, 0, 1, 0, 0, 0, 0, 0, 0, 0, 1, 0, 0, 0]
Coverage:	[10, 2, 2, 2, 2, 5, 6, 7, 8, 9, 10, 10, 13, 13, 13, 15, 16, 37, 18, 29, 10, 31, 23, 23, 23, 26, 26, 26, 29, 29, 31, 31, 31, 33, 33, 45, 37, 37, 37, 29, 51, 51, 43, 43, 54, 45, 47, 47, 47, 47, 51, 51, 51, 43, 54, 54, 47, 47, 68, 68, 61, 61, 61, 64, 64, 64, 68, 68, 68, 68, 61, 61, 61, 83, 75, 75, 75, 75, 68, 88, 81, 81, 83, 83, 83, 83, 96, 88, 88, 88, 81, 81, 83, 83, 83, 96, 96, 96, 88, 88]
Rem. cap.:	[0, 0, 6, 0, 0, 12, 12, 12, 12, 12, 20, 0, 0, 8, 0, 12, 12, 0, 12, 0, 0, 0, 0, 8, 0, 0, 8, 0, 0, 6, 0, 20, 0, 10, 0, 0, 0, 6, 0, 0, 0, 0, 0, 4, 0, 4, 0, 6, 0, 0, 0, 12, 0, 0, 4, 0, 0, 0, 0, 0, 0, 10, 0, 0, 7, 0, 0, 0, 15, 0, 0, 0, 0, 0, 0, 6, 0, 0, 0, 0, 0, 24, 0, 14, 0, 0, 0, 0, 22, 0, 0, 0, 0, 0, 0, 0, 24, 0, 0, 0]
6 Equipments:	[0, 0, 1, 0, 0, 1, 1, 1, 1, 1, 0, 0, 1, 0, 0, 1, 1, 1, 1, 0, 0, 1, 0, 1, 0, 0, 1, 0, 0, 1, 0, 0, 0, 1, 0, 0, 0, 1, 0, 0, 1, 0, 0, 0, 0, 1, 0, 0, 0, 0, 0, 0, 1, 0, 0, 1, 0, 0, 1, 0, 0, 1, 0, 0, 0, 1, 0, 0, 0, 0, 0, 0, 0, 0, 0, 0, 0, 0, 1, 0, 0, 1, 0, 0, 1, 0, 0, 0, 0, 0, 0, 0, 1, 0, 0, 0, 0, 1, 0, 1]
Coverage:	[2, 2, 2, 2, 2, 5, 6, 7, 8, 9, 12, 12, 12, 12, 12, 15, 16, 17, 18, 29, 21, 21, 21, 23, 23, 26, 26, 37, 29, 29, 40, 21, 33, 33, 33, 37, 37, 37, 37, 29, 40, 40, 52, 33, 45, 45, 45, 37, 58, 58, 40, 52, 52, 52, 55, 55, 55, 58, 58, 58, 61, 61, 61, 61, 65, 65, 65, 78, 58, 78, 61, 61, 61, 84, 84, 65, 78, 78, 78, 78, 81, 81, 92, 84, 84, 84, 84, 97, 78, 99, 81, 81, 92, 92, 84, 84, 97, 97, 97, 99]
Rem. cap.:	[0, 0, 4, 0, 0, 12, 12, 12, 12, 12, 0, 0, 4, 0, 0, 12, 12, 12, 12, 0, 0, 20, 0, 10, 0, 0, 10, 0, 0, 6, 0, 0, 0, 0, 0, 0, 0, 2, 0, 0, 20, 0, 0, 0, 0, 4, 0, 0, 0, 0, 0, 0, 2, 0, 0, 5, 0, 0, 20, 0, 0, 3, 0, 0, 0, 0, 0, 0, 0, 0, 0, 0, 0, 0, 0, 0, 0, 0, 15, 0, 0, 24, 0, 0, 8, 0, 0, 0, 0, 0, 0, 0, 25, 0, 0, 0, 0, 24, 0, 26]
7 Equipments:	[0, 0, 1, 0, 0, 1, 1, 1, 1, 1, 0, 0, 0, 1, 0, 1, 1, 1, 1, 0, 0, 1, 0, 1, 0, 0, 1, 0, 0, 1, 0, 0, 0, 1, 0, 0, 1, 0, 0, 0, 0, 1, 0, 0, 0, 1, 0, 0, 1, 0, 0, 0, 0, 1, 0, 1, 0, 0, 0, 0, 0, 0, 0, 1, 0, 0, 0, 0, 1, 0, 0, 1, 0, 0, 0, 1, 0, 0, 0, 0, 0, 1, 0, 1, 0, 0, 0, 0, 1, 0, 0, 0, 0, 0, 0, 0, 1, 0, 0, 0]
Coverage:	[2, 2, 2, 2, 2, 5, 6, 7, 8, 9, 21, 21, 13, 13, 13, 15, 16, 17, 18, 29, 21, 21, 21, 23, 23, 26, 26, 26, 29, 29, 21, 21, 33, 33, 33, 36, 36, 36, 48, 29, 41, 41, 41, 53, 45, 45, 45, 48, 48, 48, 41, 41, 53, 53, 55, 55, 55, 48, 48, 48, 71, 71, 63, 63, 63, 75, 68, 68, 68, 68, 71, 71, 71, 83, 83, 75, 75, 75, 88, 68, 81, 81, 81, 83, 83, 75, 96, 88, 88, 88, 81, 81, 81, 83, 96, 96, 96, 96, 88, 88]
Rem. cap.:	[0, 0, 4, 0, 0, 12, 12, 12, 12, 12, 0, 0, 0, 8, 0, 12, 12, 12, 12, 0, 0, 14, 0, 10, 0, 0, 8, 0, 0, 6, 0, 0, 0, 8, 0, 0, 8, 0, 0, 0, 0, 12, 0, 0, 0, 4, 0, 0, 17, 0, 0, 0, 0, 4, 0, 5, 0, 0, 0, 0, 0, 0, 0, 7, 0, 0, 0, 0, 17, 0, 0, 17, 0, 0, 0, 5, 0, 0, 0, 0, 0, 22, 0, 11, 0, 0, 0, 0, 22, 0, 0, 0, 0, 0, 0, 0, 23, 0, 0, 0]
8 Equipments:	[0, 0, 1, 0, 0, 1, 1, 1, 1, 1, 0, 0, 1, 0, 0, 1, 1, 0, 1, 0, 1, 0, 0, 1, 0, 1, 0, 1, 0, 0, 0, 0, 0, 1, 0, 0, 1, 0, 0, 1, 1, 0, 0, 1, 0, 0, 0, 0, 0, 0, 0, 0, 1, 0, 0, 1, 0, 1, 0, 0, 0, 0, 0, 1, 0, 0, 0, 0, 0, 1, 0, 1, 0, 0, 0, 0, 1, 0, 0, 0, 0, 0, 0, 0, 1, 0, 0, 0, 1, 0, 0, 1, 0, 0, 0, 0, 1, 0, 0, 0]
Coverage:	[20, 2, 2, 2, 2, 5, 6, 7, 8, 9, 20, 12, 12, 12, 12, 15, 16, 27, 18, 39, 20, 20, 23, 23, 23, 25, 27, 27, 27, 39, 20, 20, 33, 33, 33, 36, 36, 36, 39, 39, 40, 40, 43, 43, 43, 55, 36, 57, 39, 39, 40, 52, 52, 52, 55, 55, 57, 57, 57, 69, 71, 71, 63, 63, 63, 63, 76, 57, 69, 69, 71, 71, 71, 71, 84, 76, 76, 76, 76, 69, 91, 71, 84, 84, 84, 84, 88, 88, 88, 88, 91, 91, 91, 84, 84, 96, 96, 96, 88, 88]
Rem. cap.:	[0, 0, 6, 0, 0, 12, 12, 12, 12, 12, 0, 0, 6, 0, 0, 12, 12, 0, 12, 0, 16, 0, 0, 8, 0, 12, 0, 6, 0, 0, 0, 0, 0, 8, 0, 0, 0, 0, 0, 2, 22, 0, 0, 4, 0, 0, 0, 0, 0, 0, 0, 0, 10, 0, 0, 4, 0, 16, 0, 0, 0, 0, 0, 0, 0, 0, 0, 0, 0, 24, 0, 9, 0, 0, 0, 0, 5, 0, 0, 0, 0, 0, 0, 0, 15, 0, 0, 0, 22, 0, 0, 24, 0, 0, 0, 0, 25, 0, 0, 0]
9 Equipments:	[1, 0, 0, 1, 0, 1, 1, 1, 1, 1, 0, 0, 0, 1, 0, 1, 1, 0, 0, 0, 0, 0, 0, 1, 0, 1, 0, 1, 1, 0, 0, 1, 0, 0, 0, 1, 1, 0, 0, 0, 0, 0, 0, 1, 0, 0, 0, 0, 0, 1, 1, 0, 0, 0, 1, 0, 0, 1, 0, 0, 0, 0, 0, 1, 0, 0, 0, 1, 0, 0, 0, 1, 0, 0, 0, 0, 0, 0, 0, 0, 1, 0, 0, 0, 0, 1, 0, 0, 1, 0, 0, 0, 1, 0, 0, 0, 0, 1, 0, 0]
Coverage:	[0, 0, 3, 3, 3, 5, 6, 7, 8, 9, 0, 13, 13, 13, 13, 15, 16, 27, 28, 49, 31, 31, 23, 23, 23, 25, 27, 27, 28, 28, 31, 31, 31, 23, 36, 35, 36, 36, 28, 49, 50, 31, 43, 43, 43, 35, 36, 57, 49, 49, 50, 50, 50, 54, 54, 54, 57, 57, 57, 49, 50, 71, 63, 63, 63, 63, 67, 67, 67, 67, 71, 71, 71, 71, 85, 85, 85, 67, 88, 88, 80, 80, 92, 85, 85, 85, 85, 97, 88, 88, 80, 92, 92, 92, 85, 85, 97, 97, 88, 88]
Rem. cap.:	[22, 0, 0, 8, 0, 12, 12, 12, 12, 12, 0, 0, 0, 6, 0, 12, 12, 0, 0, 0, 0, 0, 0, 6, 0, 12, 0, 8, 6, 0, 0, 16, 0, 0, 0, 4, 0, 0, 0, 0, 0, 0, 0, 4, 0, 0, 0, 0, 0, 5, 13, 0, 0, 0, 4, 0, 0, 17, 0, 0, 0, 0, 0, 0, 0, 0, 0, 17, 0, 0, 0, 11, 0, 0, 0, 0, 0, 0, 0, 0, 25, 0, 0, 0, 0, 1, 0, 0, 22, 0, 0, 0, 24, 0, 0, 0, 0, 25, 0, 0]
10 Equipments:	[0, 0, 1, 0, 0, 1, 1, 1, 1, 1, 1, 0, 0, 1, 0, 1, 1, 1, 1, 0, 0, 0, 1, 0, 0, 0, 1, 0, 0, 1, 0, 0, 0, 0, 1, 0, 0, 1, 0, 0, 0, 1, 0, 0, 0, 0, 1, 0, 0, 0, 0, 0, 0, 1, 0, 1, 0, 0, 0, 1, 0, 0, 0, 1, 0, 0, 0, 1, 0, 0, 0, 1, 0, 0, 0, 0, 0, 0, 0, 0, 0, 0, 1, 0, 0, 1, 0, 0, 1, 0, 1, 0, 0, 0, 0, 0, 1, 0, 0, 0]
Coverage:	[10, 2, 2, 2, 2, 5, 6, 7, 8, 9, 10, 10, 13, 13, 13, 15, 16, 17, 18, 29, 10, 22, 22, 22, 22, 26, 26, 26, 29, 29, 41, 41, 22, 34, 34, 37, 37, 37, 37, 29, 41, 41, 41, 53, 34, 46, 46, 46, 59, 59, 41, 41, 53, 53, 55, 55, 55, 67, 59, 59, 71, 71, 63, 63, 63, 67, 67, 67, 67, 59, 71, 71, 71, 63, 85, 85, 67, 67, 88, 88, 90, 82, 82, 82, 85, 85, 88, 88, 88, 88, 90, 90, 82, 82, 85, 85, 96, 96, 88, 88]
Rem. cap.:	[0, 0, 6, 0, 0, 12, 12, 12, 12, 12, 20, 0, 0, 8, 0, 12, 12, 12, 12, 0, 0, 0, 4, 0, 0, 0, 8, 0, 0, 6, 0, 0, 0, 0, 2, 0, 0, 6, 0, 0, 0, 8, 0, 0, 0, 0, 10, 0, 0, 0, 0, 0, 0, 4, 0, 5, 0, 0, 0, 21, 0, 0, 0, 0, 0, 0, 0, 3, 0, 0, 0, 17, 0, 0, 0, 0, 0, 0, 0, 0, 0, 0, 23, 0, 0, 10, 0, 0, 20, 0, 25, 0, 0, 0, 0, 0, 26, 0, 0, 0]

