Instance: AAD_PMEDcap_25_5.txt
Equipments:	[0, 1, 0, 0, 0, 0, 1, 0, 0, 1, 0, 0, 0, 0, 0, 0, 1, 0, 1, 0, 0, 0, 0, 0, 0]
Coverage:	[1, 1, 1, 9, 9, 6, 6, 6, 9, 9, 16, 16, 18, 18, 9, 16, 16, 16, 18, 18, 16, 16, 16, 18, 18]
Rem. cap.:	[0, 95, 0, 0, 0, 0, 95, 0, 0, 26, 0, 0, 0, 0, 0, 0, 29, 0, 105, 0, 0, 0, 0, 0, 0]
Value:		1210

Instance: AAD_PMEDcap_25_7.txt

Instance: AAD_PMEDcap_49_9.txt
Equipments:	[0, 0, 0, 0, 1, 1, 0, 0, 1, 0, 0, 0, 0, 0, 0, 0, 0, 0, 0, 1, 0, 1, 0, 0, 1, 0, 0, 0, 0, 0, 0, 0, 0, 1, 0, 0, 1, 0, 0, 0, 0, 0, 0, 0, 0, 0, 1, 0, 0]
Coverage:	[8, 8, 4, 4, 4, 5, 5, 8, 8, 8, 8, 4, 5, 19, 8, 8, 8, 24, 19, 19, 19, 21, 21, 24, 24, 19, 19, 33, 21, 36, 36, 24, 33, 33, 33, 36, 36, 36, 24, 33, 33, 33, 36, 36, 36, 36, 46, 46, 46]
Rem. cap.:	[0, 0, 0, 0, 6, 10, 0, 0, 34, 0, 0, 0, 0, 0, 0, 0, 0, 0, 0, 36, 0, 85, 0, 0, 2, 0, 0, 0, 0, 0, 0, 0, 0, 47, 0, 0, 41, 0, 0, 0, 0, 0, 0, 0, 0, 0, 85, 0, 0]
Value:		1759


Instance: AAD_PMEDcap_49_14.txt

Instance: AAD_PMEDcap_80_16.txt
Equipments:	[0, 1, 0, 0, 0, 0, 1, 0, 1, 0, 0, 0, 0, 0, 1, 0, 0, 1, 0, 0, 0, 0, 0, 1, 0, 0, 0, 0, 1, 0, 0, 0, 0, 0, 0, 1, 0, 0, 0, 0, 0, 1, 0, 0, 0, 0, 0, 1, 0, 0, 0, 0, 0, 0, 1, 0, 0, 0, 0, 0, 0, 0, 0, 1, 0, 0, 0, 0, 1, 0, 0, 0, 1, 0, 0, 0, 0, 0, 0, 0]
Coverage:	[1, 1, 1, 1, 1, 1, 6, 6, 8, 8, 1, 1, 14, 23, 14, 14, 17, 17, 28, 28, 23, 23, 23, 23, 23, 35, 28, 28, 28, 28, 41, 41, 23, 23, 35, 35, 35, 28, 28, 28, 41, 41, 41, 41, 41, 47, 47, 47, 47, 47, 41, 41, 63, 63, 54, 47, 47, 47, 68, 68, 63, 63, 63, 63, 63, 63, 68, 68, 68, 68, 72, 72, 72, 63, 63, 63, 72, 68, 68, 68]
Rem. cap.:	[0, 5, 0, 0, 0, 0, 17, 0, 17, 0, 0, 0, 0, 0, 15, 0, 0, 17, 0, 0, 0, 0, 0, 3, 0, 0, 0, 0, 3, 0, 0, 0, 0, 0, 0, 2, 0, 0, 0, 0, 0, 8, 0, 0, 0, 0, 0, 1, 0, 0, 0, 0, 0, 0, 42, 0, 0, 0, 0, 0, 0, 0, 0, 21, 0, 0, 0, 0, 42, 0, 0, 0, 49, 0, 0, 0, 0, 0, 0, 0]
Value:		2331

Instance: AAD_PMEDcap_80_24.txt

Instance: AAD_PMEDcap_90_18.txt
Equipments:	[0, 0, 0, 1, 0, 0, 0, 1, 0, 1, 0, 0, 1, 0, 0, 0, 1, 0, 0, 1, 0, 0, 0, 0, 0, 0, 1, 0, 0, 0, 0, 1, 0, 0, 0, 0, 0, 0, 1, 0, 0, 0, 0, 0, 0, 1, 0, 0, 0, 0, 0, 0, 1, 0, 0, 0, 1, 0, 0, 0, 0, 0, 0, 0, 0, 0, 0, 0, 0, 0, 0, 1, 0, 0, 1, 0, 0, 1, 0, 0, 0, 0, 0, 0, 0, 0, 0, 0, 0, 1]
Coverage:	[12, 12, 3, 3, 3, 3, 26, 7, 9, 9, 12, 31, 12, 12, 12, 16, 16, 7, 19, 19, 31, 31, 12, 12, 12, 26, 26, 16, 38, 19, 31, 31, 31, 31, 31, 38, 26, 38, 38, 38, 31, 31, 31, 52, 45, 45, 45, 38, 38, 38, 52, 52, 52, 52, 52, 45, 56, 77, 77, 38, 52, 71, 71, 74, 74, 77, 77, 74, 77, 77, 71, 71, 71, 74, 74, 74, 77, 77, 77, 77, 71, 71, 71, 74, 74, 74, 77, 77, 89, 89]
Rem. cap.:	[0, 0, 0, 11, 0, 0, 0, 15, 0, 15, 0, 0, 1, 0, 0, 0, 13, 0, 0, 13, 0, 0, 0, 0, 0, 0, 11, 0, 0, 0, 0, 2, 0, 0, 0, 0, 0, 0, 16, 0, 0, 0, 0, 0, 0, 4, 0, 0, 0, 0, 0, 0, 2, 0, 0, 0, 37, 0, 0, 0, 0, 0, 0, 0, 0, 0, 0, 0, 0, 0, 0, 30, 0, 0, 20, 0, 0, 17, 0, 0, 0, 0, 0, 0, 0, 0, 0, 0, 0, 45]
Value:		2658

Instance: AAD_PMEDcap_90_27.txt

Instance: AAD_PMEDcap_100_20.txt
Equipments:	[0, 0, 0, 1, 0, 0, 1, 1, 0, 1, 0, 0, 0, 0, 0, 1, 0, 0, 0, 0, 0, 1, 0, 0, 0, 0, 1, 0, 0, 1, 0, 0, 0, 1, 0, 0, 0, 0, 1, 0, 0, 0, 0, 0, 0, 1, 0, 0, 0, 0, 0, 1, 0, 0, 0, 0, 0, 0, 0, 0, 0, 0, 0, 0, 0, 1, 0, 1, 0, 0, 0, 0, 0, 0, 1, 0, 0, 0, 0, 0, 0, 0, 1, 0, 0, 0, 0, 0, 0, 0, 0, 0, 0, 0, 0, 0, 0, 1, 0, 0]
Coverage:	[3, 21, 3, 3, 3, 6, 6, 7, 9, 9, 21, 21, 3, 3, 3, 15, 26, 7, 38, 29, 21, 21, 21, 33, 21, 26, 26, 26, 38, 29, 21, 21, 33, 33, 33, 45, 26, 26, 38, 38, 51, 51, 51, 51, 45, 45, 45, 45, 38, 38, 51, 51, 51, 33, 65, 67, 67, 67, 67, 67, 51, 51, 82, 51, 65, 65, 67, 67, 67, 67, 82, 51, 74, 74, 74, 74, 74, 67, 67, 67, 82, 82, 82, 82, 74, 97, 97, 97, 97, 97, 82, 82, 82, 82, 82, 97, 97, 97, 97, 97]
Rem. cap.:	[0, 0, 0, 0, 0, 0, 10, 10, 0, 10, 0, 0, 0, 0, 0, 26, 0, 0, 0, 0, 0, 10, 0, 0, 0, 0, 2, 0, 0, 24, 0, 0, 0, 12, 0, 0, 0, 0, 16, 0, 0, 0, 0, 0, 0, 0, 0, 0, 0, 0, 0, 0, 0, 0, 0, 0, 0, 0, 0, 0, 0, 0, 0, 0, 0, 20, 0, 11, 0, 0, 0, 0, 0, 0, 6, 0, 0, 0, 0, 0, 0, 0, 25, 0, 0, 0, 0, 0, 0, 0, 0, 0, 0, 0, 0, 0, 0, 32, 0, 0]
Value:		2788

Instance: AAD_PMEDcap_100_30.txt