70
21
40
3 3 3 26 26 26 26 3 3 3 25 25 25 25 2 2 2 25 2 2 2 2 2 2 25 2 2 2 2 2 12 12 12 2 2 2 2 12 12 12 2 2 2 2 12 12 12 2 2 2 2 12 12 12 2 2 2 2 2 2 2 2 2 2 2 2 2 2 2 2 
0 0 0
0 1 28
0 2 56
0 3 85
0 4 114
0 5 142
0 6 170
0 7 22
0 8 50
0 9 78
0 10 107
0 11 136
0 12 164
0 13 192
0 14 46
0 15 74
0 16 102
0 17 131
0 18 160
0 19 188
0 20 216
0 21 68
0 22 96
0 23 124
0 24 153
0 25 182
0 26 210
0 27 238
0 28 92
0 29 120
0 30 148
0 31 177
0 32 206
0 33 234
0 34 262
0 35 114
0 36 142
0 37 170
0 38 199
0 39 228
0 40 256
0 41 284
0 42 138
0 43 166
0 44 194
0 45 223
0 46 252
0 47 280
0 48 308
0 49 160
0 50 188
0 51 216
0 52 245
0 53 274
0 54 302
0 55 330
0 56 184
0 57 212
0 58 240
0 59 269
0 60 298
0 61 326
0 62 354
0 63 206
0 64 234
0 65 262
0 66 291
0 67 320
0 68 348
0 69 376
1 0 28
1 1 0
1 2 28
1 3 57
1 4 86
1 5 114
1 6 142
1 7 50
1 8 22
1 9 50
1 10 79
1 11 108
1 12 136
1 13 164
1 14 74
1 15 46
1 16 74
1 17 103
1 18 132
1 19 160
1 20 188
1 21 96
1 22 68
1 23 96
1 24 125
1 25 154
1 26 182
1 27 210
1 28 120
1 29 92
1 30 120
1 31 149
1 32 178
1 33 206
1 34 234
1 35 142
1 36 114
1 37 142
1 38 171
1 39 200
1 40 228
1 41 256
1 42 166
1 43 138
1 44 166
1 45 195
1 46 224
1 47 252
1 48 280
1 49 188
1 50 160
1 51 188
1 52 217
1 53 246
1 54 274
1 55 302
1 56 212
1 57 184
1 58 212
1 59 241
1 60 270
1 61 298
1 62 326
1 63 234
1 64 206
1 65 234
1 66 263
1 67 292
1 68 320
1 69 348
2 0 56
2 1 28
2 2 0
2 3 29
2 4 58
2 5 86
2 6 114
2 7 78
2 8 50
2 9 22
2 10 51
2 11 80
2 12 108
2 13 136
2 14 102
2 15 74
2 16 46
2 17 75
2 18 104
2 19 132
2 20 160
2 21 124
2 22 96
2 23 68
2 24 97
2 25 126
2 26 154
2 27 182
2 28 148
2 29 120
2 30 92
2 31 121
2 32 150
2 33 178
2 34 206
2 35 170
2 36 142
2 37 114
2 38 143
2 39 172
2 40 200
2 41 228
2 42 194
2 43 166
2 44 138
2 45 167
2 46 196
2 47 224
2 48 252
2 49 216
2 50 188
2 51 160
2 52 189
2 53 218
2 54 246
2 55 274
2 56 240
2 57 212
2 58 184
2 59 213
2 60 242
2 61 270
2 62 298
2 63 262
2 64 234
2 65 206
2 66 235
2 67 264
2 68 292
2 69 320
3 0 85
3 1 57
3 2 29
3 3 0
3 4 29
3 5 57
3 6 85
3 7 107
3 8 79
3 9 51
3 10 22
3 11 51
3 12 79
3 13 107
3 14 131
3 15 103
3 16 75
3 17 46
3 18 75
3 19 103
3 20 131
3 21 153
3 22 125
3 23 97
3 24 68
3 25 97
3 26 125
3 27 153
3 28 177
3 29 149
3 30 121
3 31 92
3 32 121
3 33 149
3 34 177
3 35 199
3 36 171
3 37 143
3 38 114
3 39 143
3 40 171
3 41 199
3 42 223
3 43 195
3 44 167
3 45 138
3 46 167
3 47 195
3 48 223
3 49 245
3 50 217
3 51 189
3 52 160
3 53 189
3 54 217
3 55 245
3 56 269
3 57 241
3 58 213
3 59 184
3 60 213
3 61 241
3 62 269
3 63 291
3 64 263
3 65 235
3 66 206
3 67 235
3 68 263
3 69 291
4 0 114
4 1 86
4 2 58
4 3 29
4 4 0
4 5 28
4 6 56
4 7 136
4 8 108
4 9 80
4 10 51
4 11 22
4 12 50
4 13 78
4 14 160
4 15 132
4 16 104
4 17 75
4 18 46
4 19 74
4 20 102
4 21 182
4 22 154
4 23 126
4 24 97
4 25 68
4 26 96
4 27 124
4 28 206
4 29 178
4 30 150
4 31 121
4 32 92
4 33 120
4 34 148
4 35 228
4 36 200
4 37 172
4 38 143
4 39 114
4 40 142
4 41 170
4 42 252
4 43 224
4 44 196
4 45 167
4 46 138
4 47 166
4 48 194
4 49 274
4 50 246
4 51 218
4 52 189
4 53 160
4 54 188
4 55 216
4 56 298
4 57 270
4 58 242
4 59 213
4 60 184
4 61 212
4 62 240
4 63 320
4 64 292
4 65 264
4 66 235
4 67 206
4 68 234
4 69 262
5 0 142
5 1 114
5 2 86
5 3 57
5 4 28
5 5 0
5 6 28
5 7 164
5 8 136
5 9 108
5 10 79
5 11 50
5 12 22
5 13 50
5 14 188
5 15 160
5 16 132
5 17 103
5 18 74
5 19 46
5 20 74
5 21 210
5 22 182
5 23 154
5 24 125
5 25 96
5 26 68
5 27 96
5 28 234
5 29 206
5 30 178
5 31 149
5 32 120
5 33 92
5 34 120
5 35 256
5 36 228
5 37 200
5 38 171
5 39 142
5 40 114
5 41 142
5 42 280
5 43 252
5 44 224
5 45 195
5 46 166
5 47 138
5 48 166
5 49 302
5 50 274
5 51 246
5 52 217
5 53 188
5 54 160
5 55 188
5 56 326
5 57 298
5 58 270
5 59 241
5 60 212
5 61 184
5 62 212
5 63 348
5 64 320
5 65 292
5 66 263
5 67 234
5 68 206
5 69 234
6 0 170
6 1 142
6 2 114
6 3 85
6 4 56
6 5 28
6 6 0
6 7 192
6 8 164
6 9 136
6 10 107
6 11 78
6 12 50
6 13 22
6 14 216
6 15 188
6 16 160
6 17 131
6 18 102
6 19 74
6 20 46
6 21 238
6 22 210
6 23 182
6 24 153
6 25 124
6 26 96
6 27 68
6 28 262
6 29 234
6 30 206
6 31 177
6 32 148
6 33 120
6 34 92
6 35 284
6 36 256
6 37 228
6 38 199
6 39 170
6 40 142
6 41 114
6 42 308
6 43 280
6 44 252
6 45 223
6 46 194
6 47 166
6 48 138
6 49 330
6 50 302
6 51 274
6 52 245
6 53 216
6 54 188
6 55 160
6 56 354
6 57 326
6 58 298
6 59 269
6 60 240
6 61 212
6 62 184
6 63 376
6 64 348
6 65 320
6 66 291
6 67 262
6 68 234
6 69 206
7 0 22
7 1 50
7 2 78
7 3 107
7 4 136
7 5 164
7 6 192
7 7 0
7 8 28
7 9 56
7 10 85
7 11 114
7 12 142
7 13 170
7 14 24
7 15 52
7 16 80
7 17 109
7 18 138
7 19 166
7 20 194
7 21 46
7 22 74
7 23 102
7 24 131
7 25 160
7 26 188
7 27 216
7 28 70
7 29 98
7 30 126
7 31 155
7 32 184
7 33 212
7 34 240
7 35 92
7 36 120
7 37 148
7 38 177
7 39 206
7 40 234
7 41 262
7 42 116
7 43 144
7 44 172
7 45 201
7 46 230
7 47 258
7 48 286
7 49 138
7 50 166
7 51 194
7 52 223
7 53 252
7 54 280
7 55 308
7 56 162
7 57 190
7 58 218
7 59 247
7 60 276
7 61 304
7 62 332
7 63 184
7 64 212
7 65 240
7 66 269
7 67 298
7 68 326
7 69 354
8 0 50
8 1 22
8 2 50
8 3 79
8 4 108
8 5 136
8 6 164
8 7 28
8 8 0
8 9 28
8 10 57
8 11 86
8 12 114
8 13 142
8 14 52
8 15 24
8 16 52
8 17 81
8 18 110
8 19 138
8 20 166
8 21 74
8 22 46
8 23 74
8 24 103
8 25 132
8 26 160
8 27 188
8 28 98
8 29 70
8 30 98
8 31 127
8 32 156
8 33 184
8 34 212
8 35 120
8 36 92
8 37 120
8 38 149
8 39 178
8 40 206
8 41 234
8 42 144
8 43 116
8 44 144
8 45 173
8 46 202
8 47 230
8 48 258
8 49 166
8 50 138
8 51 166
8 52 195
8 53 224
8 54 252
8 55 280
8 56 190
8 57 162
8 58 190
8 59 219
8 60 248
8 61 276
8 62 304
8 63 212
8 64 184
8 65 212
8 66 241
8 67 270
8 68 298
8 69 326
9 0 78
9 1 50
9 2 22
9 3 51
9 4 80
9 5 108
9 6 136
9 7 56
9 8 28
9 9 0
9 10 29
9 11 58
9 12 86
9 13 114
9 14 80
9 15 52
9 16 24
9 17 53
9 18 82
9 19 110
9 20 138
9 21 102
9 22 74
9 23 46
9 24 75
9 25 104
9 26 132
9 27 160
9 28 126
9 29 98
9 30 70
9 31 99
9 32 128
9 33 156
9 34 184
9 35 148
9 36 120
9 37 92
9 38 121
9 39 150
9 40 178
9 41 206
9 42 172
9 43 144
9 44 116
9 45 145
9 46 174
9 47 202
9 48 230
9 49 194
9 50 166
9 51 138
9 52 167
9 53 196
9 54 224
9 55 252
9 56 218
9 57 190
9 58 162
9 59 191
9 60 220
9 61 248
9 62 276
9 63 240
9 64 212
9 65 184
9 66 213
9 67 242
9 68 270
9 69 298
10 0 107
10 1 79
10 2 51
10 3 22
10 4 51
10 5 79
10 6 107
10 7 85
10 8 57
10 9 29
10 10 0
10 11 29
10 12 57
10 13 85
10 14 109
10 15 81
10 16 53
10 17 24
10 18 53
10 19 81
10 20 109
10 21 131
10 22 103
10 23 75
10 24 46
10 25 75
10 26 103
10 27 131
10 28 155
10 29 127
10 30 99
10 31 70
10 32 99
10 33 127
10 34 155
10 35 177
10 36 149
10 37 121
10 38 92
10 39 121
10 40 149
10 41 177
10 42 201
10 43 173
10 44 145
10 45 116
10 46 145
10 47 173
10 48 201
10 49 223
10 50 195
10 51 167
10 52 138
10 53 167
10 54 195
10 55 223
10 56 247
10 57 219
10 58 191
10 59 162
10 60 191
10 61 219
10 62 247
10 63 269
10 64 241
10 65 213
10 66 184
10 67 213
10 68 241
10 69 269
11 0 136
11 1 108
11 2 80
11 3 51
11 4 22
11 5 50
11 6 78
11 7 114
11 8 86
11 9 58
11 10 29
11 11 0
11 12 28
11 13 56
11 14 138
11 15 110
11 16 82
11 17 53
11 18 24
11 19 52
11 20 80
11 21 160
11 22 132
11 23 104
11 24 75
11 25 46
11 26 74
11 27 102
11 28 184
11 29 156
11 30 128
11 31 99
11 32 70
11 33 98
11 34 126
11 35 206
11 36 178
11 37 150
11 38 121
11 39 92
11 40 120
11 41 148
11 42 230
11 43 202
11 44 174
11 45 145
11 46 116
11 47 144
11 48 172
11 49 252
11 50 224
11 51 196
11 52 167
11 53 138
11 54 166
11 55 194
11 56 276
11 57 248
11 58 220
11 59 191
11 60 162
11 61 190
11 62 218
11 63 298
11 64 270
11 65 242
11 66 213
11 67 184
11 68 212
11 69 240
12 0 164
12 1 136
12 2 108
12 3 79
12 4 50
12 5 22
12 6 50
12 7 142
12 8 114
12 9 86
12 10 57
12 11 28
12 12 0
12 13 28
12 14 166
12 15 138
12 16 110
12 17 81
12 18 52
12 19 24
12 20 52
12 21 188
12 22 160
12 23 132
12 24 103
12 25 74
12 26 46
12 27 74
12 28 212
12 29 184
12 30 156
12 31 127
12 32 98
12 33 70
12 34 98
12 35 234
12 36 206
12 37 178
12 38 149
12 39 120
12 40 92
12 41 120
12 42 258
12 43 230
12 44 202
12 45 173
12 46 144
12 47 116
12 48 144
12 49 280
12 50 252
12 51 224
12 52 195
12 53 166
12 54 138
12 55 166
12 56 304
12 57 276
12 58 248
12 59 219
12 60 190
12 61 162
12 62 190
12 63 326
12 64 298
12 65 270
12 66 241
12 67 212
12 68 184
12 69 212
13 0 192
13 1 164
13 2 136
13 3 107
13 4 78
13 5 50
13 6 22
13 7 170
13 8 142
13 9 114
13 10 85
13 11 56
13 12 28
13 13 0
13 14 194
13 15 166
13 16 138
13 17 109
13 18 80
13 19 52
13 20 24
13 21 216
13 22 188
13 23 160
13 24 131
13 25 102
13 26 74
13 27 46
13 28 240
13 29 212
13 30 184
13 31 155
13 32 126
13 33 98
13 34 70
13 35 262
13 36 234
13 37 206
13 38 177
13 39 148
13 40 120
13 41 92
13 42 286
13 43 258
13 44 230
13 45 201
13 46 172
13 47 144
13 48 116
13 49 308
13 50 280
13 51 252
13 52 223
13 53 194
13 54 166
13 55 138
13 56 332
13 57 304
13 58 276
13 59 247
13 60 218
13 61 190
13 62 162
13 63 354
13 64 326
13 65 298
13 66 269
13 67 240
13 68 212
13 69 184
14 0 46
14 1 74
14 2 102
14 3 131
14 4 160
14 5 188
14 6 216
14 7 24
14 8 52
14 9 80
14 10 109
14 11 138
14 12 166
14 13 194
14 14 0
14 15 28
14 16 56
14 17 85
14 18 114
14 19 142
14 20 170
14 21 22
14 22 50
14 23 78
14 24 107
14 25 136
14 26 164
14 27 192
14 28 46
14 29 74
14 30 102
14 31 131
14 32 160
14 33 188
14 34 216
14 35 68
14 36 96
14 37 124
14 38 153
14 39 182
14 40 210
14 41 238
14 42 92
14 43 120
14 44 148
14 45 177
14 46 206
14 47 234
14 48 262
14 49 114
14 50 142
14 51 170
14 52 199
14 53 228
14 54 256
14 55 284
14 56 138
14 57 166
14 58 194
14 59 223
14 60 252
14 61 280
14 62 308
14 63 160
14 64 188
14 65 216
14 66 245
14 67 274
14 68 302
14 69 330
15 0 74
15 1 46
15 2 74
15 3 103
15 4 132
15 5 160
15 6 188
15 7 52
15 8 24
15 9 52
15 10 81
15 11 110
15 12 138
15 13 166
15 14 28
15 15 0
15 16 28
15 17 57
15 18 86
15 19 114
15 20 142
15 21 50
15 22 22
15 23 50
15 24 79
15 25 108
15 26 136
15 27 164
15 28 74
15 29 46
15 30 74
15 31 103
15 32 132
15 33 160
15 34 188
15 35 96
15 36 68
15 37 96
15 38 125
15 39 154
15 40 182
15 41 210
15 42 120
15 43 92
15 44 120
15 45 149
15 46 178
15 47 206
15 48 234
15 49 142
15 50 114
15 51 142
15 52 171
15 53 200
15 54 228
15 55 256
15 56 166
15 57 138
15 58 166
15 59 195
15 60 224
15 61 252
15 62 280
15 63 188
15 64 160
15 65 188
15 66 217
15 67 246
15 68 274
15 69 302
16 0 102
16 1 74
16 2 46
16 3 75
16 4 104
16 5 132
16 6 160
16 7 80
16 8 52
16 9 24
16 10 53
16 11 82
16 12 110
16 13 138
16 14 56
16 15 28
16 16 0
16 17 29
16 18 58
16 19 86
16 20 114
16 21 78
16 22 50
16 23 22
16 24 51
16 25 80
16 26 108
16 27 136
16 28 102
16 29 74
16 30 46
16 31 75
16 32 104
16 33 132
16 34 160
16 35 124
16 36 96
16 37 68
16 38 97
16 39 126
16 40 154
16 41 182
16 42 148
16 43 120
16 44 92
16 45 121
16 46 150
16 47 178
16 48 206
16 49 170
16 50 142
16 51 114
16 52 143
16 53 172
16 54 200
16 55 228
16 56 194
16 57 166
16 58 138
16 59 167
16 60 196
16 61 224
16 62 252
16 63 216
16 64 188
16 65 160
16 66 189
16 67 218
16 68 246
16 69 274
17 0 131
17 1 103
17 2 75
17 3 46
17 4 75
17 5 103
17 6 131
17 7 109
17 8 81
17 9 53
17 10 24
17 11 53
17 12 81
17 13 109
17 14 85
17 15 57
17 16 29
17 17 0
17 18 29
17 19 57
17 20 85
17 21 107
17 22 79
17 23 51
17 24 22
17 25 51
17 26 79
17 27 107
17 28 131
17 29 103
17 30 75
17 31 46
17 32 75
17 33 103
17 34 131
17 35 153
17 36 125
17 37 97
17 38 68
17 39 97
17 40 125
17 41 153
17 42 177
17 43 149
17 44 121
17 45 92
17 46 121
17 47 149
17 48 177
17 49 199
17 50 171
17 51 143
17 52 114
17 53 143
17 54 171
17 55 199
17 56 223
17 57 195
17 58 167
17 59 138
17 60 167
17 61 195
17 62 223
17 63 245
17 64 217
17 65 189
17 66 160
17 67 189
17 68 217
17 69 245
18 0 160
18 1 132
18 2 104
18 3 75
18 4 46
18 5 74
18 6 102
18 7 138
18 8 110
18 9 82
18 10 53
18 11 24
18 12 52
18 13 80
18 14 114
18 15 86
18 16 58
18 17 29
18 18 0
18 19 28
18 20 56
18 21 136
18 22 108
18 23 80
18 24 51
18 25 22
18 26 50
18 27 78
18 28 160
18 29 132
18 30 104
18 31 75
18 32 46
18 33 74
18 34 102
18 35 182
18 36 154
18 37 126
18 38 97
18 39 68
18 40 96
18 41 124
18 42 206
18 43 178
18 44 150
18 45 121
18 46 92
18 47 120
18 48 148
18 49 228
18 50 200
18 51 172
18 52 143
18 53 114
18 54 142
18 55 170
18 56 252
18 57 224
18 58 196
18 59 167
18 60 138
18 61 166
18 62 194
18 63 274
18 64 246
18 65 218
18 66 189
18 67 160
18 68 188
18 69 216
19 0 188
19 1 160
19 2 132
19 3 103
19 4 74
19 5 46
19 6 74
19 7 166
19 8 138
19 9 110
19 10 81
19 11 52
19 12 24
19 13 52
19 14 142
19 15 114
19 16 86
19 17 57
19 18 28
19 19 0
19 20 28
19 21 164
19 22 136
19 23 108
19 24 79
19 25 50
19 26 22
19 27 50
19 28 188
19 29 160
19 30 132
19 31 103
19 32 74
19 33 46
19 34 74
19 35 210
19 36 182
19 37 154
19 38 125
19 39 96
19 40 68
19 41 96
19 42 234
19 43 206
19 44 178
19 45 149
19 46 120
19 47 92
19 48 120
19 49 256
19 50 228
19 51 200
19 52 171
19 53 142
19 54 114
19 55 142
19 56 280
19 57 252
19 58 224
19 59 195
19 60 166
19 61 138
19 62 166
19 63 302
19 64 274
19 65 246
19 66 217
19 67 188
19 68 160
19 69 188
20 0 216
20 1 188
20 2 160
20 3 131
20 4 102
20 5 74
20 6 46
20 7 194
20 8 166
20 9 138
20 10 109
20 11 80
20 12 52
20 13 24
20 14 170
20 15 142
20 16 114
20 17 85
20 18 56
20 19 28
20 20 0
20 21 192
20 22 164
20 23 136
20 24 107
20 25 78
20 26 50
20 27 22
20 28 216
20 29 188
20 30 160
20 31 131
20 32 102
20 33 74
20 34 46
20 35 238
20 36 210
20 37 182
20 38 153
20 39 124
20 40 96
20 41 68
20 42 262
20 43 234
20 44 206
20 45 177
20 46 148
20 47 120
20 48 92
20 49 284
20 50 256
20 51 228
20 52 199
20 53 170
20 54 142
20 55 114
20 56 308
20 57 280
20 58 252
20 59 223
20 60 194
20 61 166
20 62 138
20 63 330
20 64 302
20 65 274
20 66 245
20 67 216
20 68 188
20 69 160
21 0 68
21 1 96
21 2 124
21 3 153
21 4 182
21 5 210
21 6 238
21 7 46
21 8 74
21 9 102
21 10 131
21 11 160
21 12 188
21 13 216
21 14 22
21 15 50
21 16 78
21 17 107
21 18 136
21 19 164
21 20 192
21 21 0
21 22 28
21 23 56
21 24 85
21 25 114
21 26 142
21 27 170
21 28 24
21 29 52
21 30 80
21 31 109
21 32 138
21 33 166
21 34 194
21 35 46
21 36 74
21 37 102
21 38 131
21 39 160
21 40 188
21 41 216
21 42 70
21 43 98
21 44 126
21 45 155
21 46 184
21 47 212
21 48 240
21 49 92
21 50 120
21 51 148
21 52 177
21 53 206
21 54 234
21 55 262
21 56 116
21 57 144
21 58 172
21 59 201
21 60 230
21 61 258
21 62 286
21 63 138
21 64 166
21 65 194
21 66 223
21 67 252
21 68 280
21 69 308
22 0 96
22 1 68
22 2 96
22 3 125
22 4 154
22 5 182
22 6 210
22 7 74
22 8 46
22 9 74
22 10 103
22 11 132
22 12 160
22 13 188
22 14 50
22 15 22
22 16 50
22 17 79
22 18 108
22 19 136
22 20 164
22 21 28
22 22 0
22 23 28
22 24 57
22 25 86
22 26 114
22 27 142
22 28 52
22 29 24
22 30 52
22 31 81
22 32 110
22 33 138
22 34 166
22 35 74
22 36 46
22 37 74
22 38 103
22 39 132
22 40 160
22 41 188
22 42 98
22 43 70
22 44 98
22 45 127
22 46 156
22 47 184
22 48 212
22 49 120
22 50 92
22 51 120
22 52 149
22 53 178
22 54 206
22 55 234
22 56 144
22 57 116
22 58 144
22 59 173
22 60 202
22 61 230
22 62 258
22 63 166
22 64 138
22 65 166
22 66 195
22 67 224
22 68 252
22 69 280
23 0 124
23 1 96
23 2 68
23 3 97
23 4 126
23 5 154
23 6 182
23 7 102
23 8 74
23 9 46
23 10 75
23 11 104
23 12 132
23 13 160
23 14 78
23 15 50
23 16 22
23 17 51
23 18 80
23 19 108
23 20 136
23 21 56
23 22 28
23 23 0
23 24 29
23 25 58
23 26 86
23 27 114
23 28 80
23 29 52
23 30 24
23 31 53
23 32 82
23 33 110
23 34 138
23 35 102
23 36 74
23 37 46
23 38 75
23 39 104
23 40 132
23 41 160
23 42 126
23 43 98
23 44 70
23 45 99
23 46 128
23 47 156
23 48 184
23 49 148
23 50 120
23 51 92
23 52 121
23 53 150
23 54 178
23 55 206
23 56 172
23 57 144
23 58 116
23 59 145
23 60 174
23 61 202
23 62 230
23 63 194
23 64 166
23 65 138
23 66 167
23 67 196
23 68 224
23 69 252
24 0 153
24 1 125
24 2 97
24 3 68
24 4 97
24 5 125
24 6 153
24 7 131
24 8 103
24 9 75
24 10 46
24 11 75
24 12 103
24 13 131
24 14 107
24 15 79
24 16 51
24 17 22
24 18 51
24 19 79
24 20 107
24 21 85
24 22 57
24 23 29
24 24 0
24 25 29
24 26 57
24 27 85
24 28 109
24 29 81
24 30 53
24 31 24
24 32 53
24 33 81
24 34 109
24 35 131
24 36 103
24 37 75
24 38 46
24 39 75
24 40 103
24 41 131
24 42 155
24 43 127
24 44 99
24 45 70
24 46 99
24 47 127
24 48 155
24 49 177
24 50 149
24 51 121
24 52 92
24 53 121
24 54 149
24 55 177
24 56 201
24 57 173
24 58 145
24 59 116
24 60 145
24 61 173
24 62 201
24 63 223
24 64 195
24 65 167
24 66 138
24 67 167
24 68 195
24 69 223
25 0 182
25 1 154
25 2 126
25 3 97
25 4 68
25 5 96
25 6 124
25 7 160
25 8 132
25 9 104
25 10 75
25 11 46
25 12 74
25 13 102
25 14 136
25 15 108
25 16 80
25 17 51
25 18 22
25 19 50
25 20 78
25 21 114
25 22 86
25 23 58
25 24 29
25 25 0
25 26 28
25 27 56
25 28 138
25 29 110
25 30 82
25 31 53
25 32 24
25 33 52
25 34 80
25 35 160
25 36 132
25 37 104
25 38 75
25 39 46
25 40 74
25 41 102
25 42 184
25 43 156
25 44 128
25 45 99
25 46 70
25 47 98
25 48 126
25 49 206
25 50 178
25 51 150
25 52 121
25 53 92
25 54 120
25 55 148
25 56 230
25 57 202
25 58 174
25 59 145
25 60 116
25 61 144
25 62 172
25 63 252
25 64 224
25 65 196
25 66 167
25 67 138
25 68 166
25 69 194
26 0 210
26 1 182
26 2 154
26 3 125
26 4 96
26 5 68
26 6 96
26 7 188
26 8 160
26 9 132
26 10 103
26 11 74
26 12 46
26 13 74
26 14 164
26 15 136
26 16 108
26 17 79
26 18 50
26 19 22
26 20 50
26 21 142
26 22 114
26 23 86
26 24 57
26 25 28
26 26 0
26 27 28
26 28 166
26 29 138
26 30 110
26 31 81
26 32 52
26 33 24
26 34 52
26 35 188
26 36 160
26 37 132
26 38 103
26 39 74
26 40 46
26 41 74
26 42 212
26 43 184
26 44 156
26 45 127
26 46 98
26 47 70
26 48 98
26 49 234
26 50 206
26 51 178
26 52 149
26 53 120
26 54 92
26 55 120
26 56 258
26 57 230
26 58 202
26 59 173
26 60 144
26 61 116
26 62 144
26 63 280
26 64 252
26 65 224
26 66 195
26 67 166
26 68 138
26 69 166
27 0 238
27 1 210
27 2 182
27 3 153
27 4 124
27 5 96
27 6 68
27 7 216
27 8 188
27 9 160
27 10 131
27 11 102
27 12 74
27 13 46
27 14 192
27 15 164
27 16 136
27 17 107
27 18 78
27 19 50
27 20 22
27 21 170
27 22 142
27 23 114
27 24 85
27 25 56
27 26 28
27 27 0
27 28 194
27 29 166
27 30 138
27 31 109
27 32 80
27 33 52
27 34 24
27 35 216
27 36 188
27 37 160
27 38 131
27 39 102
27 40 74
27 41 46
27 42 240
27 43 212
27 44 184
27 45 155
27 46 126
27 47 98
27 48 70
27 49 262
27 50 234
27 51 206
27 52 177
27 53 148
27 54 120
27 55 92
27 56 286
27 57 258
27 58 230
27 59 201
27 60 172
27 61 144
27 62 116
27 63 308
27 64 280
27 65 252
27 66 223
27 67 194
27 68 166
27 69 138
28 0 92
28 1 120
28 2 148
28 3 177
28 4 206
28 5 234
28 6 262
28 7 70
28 8 98
28 9 126
28 10 155
28 11 184
28 12 212
28 13 240
28 14 46
28 15 74
28 16 102
28 17 131
28 18 160
28 19 188
28 20 216
28 21 24
28 22 52
28 23 80
28 24 109
28 25 138
28 26 166
28 27 194
28 28 0
28 29 28
28 30 56
28 31 85
28 32 114
28 33 142
28 34 170
28 35 22
28 36 50
28 37 78
28 38 107
28 39 136
28 40 164
28 41 192
28 42 46
28 43 74
28 44 102
28 45 131
28 46 160
28 47 188
28 48 216
28 49 68
28 50 96
28 51 124
28 52 153
28 53 182
28 54 210
28 55 238
28 56 92
28 57 120
28 58 148
28 59 177
28 60 206
28 61 234
28 62 262
28 63 114
28 64 142
28 65 170
28 66 199
28 67 228
28 68 256
28 69 284
29 0 120
29 1 92
29 2 120
29 3 149
29 4 178
29 5 206
29 6 234
29 7 98
29 8 70
29 9 98
29 10 127
29 11 156
29 12 184
29 13 212
29 14 74
29 15 46
29 16 74
29 17 103
29 18 132
29 19 160
29 20 188
29 21 52
29 22 24
29 23 52
29 24 81
29 25 110
29 26 138
29 27 166
29 28 28
29 29 0
29 30 28
29 31 57
29 32 86
29 33 114
29 34 142
29 35 50
29 36 22
29 37 50
29 38 79
29 39 108
29 40 136
29 41 164
29 42 74
29 43 46
29 44 74
29 45 103
29 46 132
29 47 160
29 48 188
29 49 96
29 50 68
29 51 96
29 52 125
29 53 154
29 54 182
29 55 210
29 56 120
29 57 92
29 58 120
29 59 149
29 60 178
29 61 206
29 62 234
29 63 142
29 64 114
29 65 142
29 66 171
29 67 200
29 68 228
29 69 256
30 0 148
30 1 120
30 2 92
30 3 121
30 4 150
30 5 178
30 6 206
30 7 126
30 8 98
30 9 70
30 10 99
30 11 128
30 12 156
30 13 184
30 14 102
30 15 74
30 16 46
30 17 75
30 18 104
30 19 132
30 20 160
30 21 80
30 22 52
30 23 24
30 24 53
30 25 82
30 26 110
30 27 138
30 28 56
30 29 28
30 30 0
30 31 29
30 32 58
30 33 86
30 34 114
30 35 78
30 36 50
30 37 22
30 38 51
30 39 80
30 40 108
30 41 136
30 42 102
30 43 74
30 44 46
30 45 75
30 46 104
30 47 132
30 48 160
30 49 124
30 50 96
30 51 68
30 52 97
30 53 126
30 54 154
30 55 182
30 56 148
30 57 120
30 58 92
30 59 121
30 60 150
30 61 178
30 62 206
30 63 170
30 64 142
30 65 114
30 66 143
30 67 172
30 68 200
30 69 228
31 0 177
31 1 149
31 2 121
31 3 92
31 4 121
31 5 149
31 6 177
31 7 155
31 8 127
31 9 99
31 10 70
31 11 99
31 12 127
31 13 155
31 14 131
31 15 103
31 16 75
31 17 46
31 18 75
31 19 103
31 20 131
31 21 109
31 22 81
31 23 53
31 24 24
31 25 53
31 26 81
31 27 109
31 28 85
31 29 57
31 30 29
31 31 0
31 32 29
31 33 57
31 34 85
31 35 107
31 36 79
31 37 51
31 38 22
31 39 51
31 40 79
31 41 107
31 42 131
31 43 103
31 44 75
31 45 46
31 46 75
31 47 103
31 48 131
31 49 153
31 50 125
31 51 97
31 52 68
31 53 97
31 54 125
31 55 153
31 56 177
31 57 149
31 58 121
31 59 92
31 60 121
31 61 149
31 62 177
31 63 199
31 64 171
31 65 143
31 66 114
31 67 143
31 68 171
31 69 199
32 0 206
32 1 178
32 2 150
32 3 121
32 4 92
32 5 120
32 6 148
32 7 184
32 8 156
32 9 128
32 10 99
32 11 70
32 12 98
32 13 126
32 14 160
32 15 132
32 16 104
32 17 75
32 18 46
32 19 74
32 20 102
32 21 138
32 22 110
32 23 82
32 24 53
32 25 24
32 26 52
32 27 80
32 28 114
32 29 86
32 30 58
32 31 29
32 32 0
32 33 28
32 34 56
32 35 136
32 36 108
32 37 80
32 38 51
32 39 22
32 40 50
32 41 78
32 42 160
32 43 132
32 44 104
32 45 75
32 46 46
32 47 74
32 48 102
32 49 182
32 50 154
32 51 126
32 52 97
32 53 68
32 54 96
32 55 124
32 56 206
32 57 178
32 58 150
32 59 121
32 60 92
32 61 120
32 62 148
32 63 228
32 64 200
32 65 172
32 66 143
32 67 114
32 68 142
32 69 170
33 0 234
33 1 206
33 2 178
33 3 149
33 4 120
33 5 92
33 6 120
33 7 212
33 8 184
33 9 156
33 10 127
33 11 98
33 12 70
33 13 98
33 14 188
33 15 160
33 16 132
33 17 103
33 18 74
33 19 46
33 20 74
33 21 166
33 22 138
33 23 110
33 24 81
33 25 52
33 26 24
33 27 52
33 28 142
33 29 114
33 30 86
33 31 57
33 32 28
33 33 0
33 34 28
33 35 164
33 36 136
33 37 108
33 38 79
33 39 50
33 40 22
33 41 50
33 42 188
33 43 160
33 44 132
33 45 103
33 46 74
33 47 46
33 48 74
33 49 210
33 50 182
33 51 154
33 52 125
33 53 96
33 54 68
33 55 96
33 56 234
33 57 206
33 58 178
33 59 149
33 60 120
33 61 92
33 62 120
33 63 256
33 64 228
33 65 200
33 66 171
33 67 142
33 68 114
33 69 142
34 0 262
34 1 234
34 2 206
34 3 177
34 4 148
34 5 120
34 6 92
34 7 240
34 8 212
34 9 184
34 10 155
34 11 126
34 12 98
34 13 70
34 14 216
34 15 188
34 16 160
34 17 131
34 18 102
34 19 74
34 20 46
34 21 194
34 22 166
34 23 138
34 24 109
34 25 80
34 26 52
34 27 24
34 28 170
34 29 142
34 30 114
34 31 85
34 32 56
34 33 28
34 34 0
34 35 192
34 36 164
34 37 136
34 38 107
34 39 78
34 40 50
34 41 22
34 42 216
34 43 188
34 44 160
34 45 131
34 46 102
34 47 74
34 48 46
34 49 238
34 50 210
34 51 182
34 52 153
34 53 124
34 54 96
34 55 68
34 56 262
34 57 234
34 58 206
34 59 177
34 60 148
34 61 120
34 62 92
34 63 284
34 64 256
34 65 228
34 66 199
34 67 170
34 68 142
34 69 114
35 0 114
35 1 142
35 2 170
35 3 199
35 4 228
35 5 256
35 6 284
35 7 92
35 8 120
35 9 148
35 10 177
35 11 206
35 12 234
35 13 262
35 14 68
35 15 96
35 16 124
35 17 153
35 18 182
35 19 210
35 20 238
35 21 46
35 22 74
35 23 102
35 24 131
35 25 160
35 26 188
35 27 216
35 28 22
35 29 50
35 30 78
35 31 107
35 32 136
35 33 164
35 34 192
35 35 0
35 36 28
35 37 56
35 38 85
35 39 114
35 40 142
35 41 170
35 42 24
35 43 52
35 44 80
35 45 109
35 46 138
35 47 166
35 48 194
35 49 46
35 50 74
35 51 102
35 52 131
35 53 160
35 54 188
35 55 216
35 56 70
35 57 98
35 58 126
35 59 155
35 60 184
35 61 212
35 62 240
35 63 92
35 64 120
35 65 148
35 66 177
35 67 206
35 68 234
35 69 262
36 0 142
36 1 114
36 2 142
36 3 171
36 4 200
36 5 228
36 6 256
36 7 120
36 8 92
36 9 120
36 10 149
36 11 178
36 12 206
36 13 234
36 14 96
36 15 68
36 16 96
36 17 125
36 18 154
36 19 182
36 20 210
36 21 74
36 22 46
36 23 74
36 24 103
36 25 132
36 26 160
36 27 188
36 28 50
36 29 22
36 30 50
36 31 79
36 32 108
36 33 136
36 34 164
36 35 28
36 36 0
36 37 28
36 38 57
36 39 86
36 40 114
36 41 142
36 42 52
36 43 24
36 44 52
36 45 81
36 46 110
36 47 138
36 48 166
36 49 74
36 50 46
36 51 74
36 52 103
36 53 132
36 54 160
36 55 188
36 56 98
36 57 70
36 58 98
36 59 127
36 60 156
36 61 184
36 62 212
36 63 120
36 64 92
36 65 120
36 66 149
36 67 178
36 68 206
36 69 234
37 0 170
37 1 142
37 2 114
37 3 143
37 4 172
37 5 200
37 6 228
37 7 148
37 8 120
37 9 92
37 10 121
37 11 150
37 12 178
37 13 206
37 14 124
37 15 96
37 16 68
37 17 97
37 18 126
37 19 154
37 20 182
37 21 102
37 22 74
37 23 46
37 24 75
37 25 104
37 26 132
37 27 160
37 28 78
37 29 50
37 30 22
37 31 51
37 32 80
37 33 108
37 34 136
37 35 56
37 36 28
37 37 0
37 38 29
37 39 58
37 40 86
37 41 114
37 42 80
37 43 52
37 44 24
37 45 53
37 46 82
37 47 110
37 48 138
37 49 102
37 50 74
37 51 46
37 52 75
37 53 104
37 54 132
37 55 160
37 56 126
37 57 98
37 58 70
37 59 99
37 60 128
37 61 156
37 62 184
37 63 148
37 64 120
37 65 92
37 66 121
37 67 150
37 68 178
37 69 206
38 0 199
38 1 171
38 2 143
38 3 114
38 4 143
38 5 171
38 6 199
38 7 177
38 8 149
38 9 121
38 10 92
38 11 121
38 12 149
38 13 177
38 14 153
38 15 125
38 16 97
38 17 68
38 18 97
38 19 125
38 20 153
38 21 131
38 22 103
38 23 75
38 24 46
38 25 75
38 26 103
38 27 131
38 28 107
38 29 79
38 30 51
38 31 22
38 32 51
38 33 79
38 34 107
38 35 85
38 36 57
38 37 29
38 38 0
38 39 29
38 40 57
38 41 85
38 42 109
38 43 81
38 44 53
38 45 24
38 46 53
38 47 81
38 48 109
38 49 131
38 50 103
38 51 75
38 52 46
38 53 75
38 54 103
38 55 131
38 56 155
38 57 127
38 58 99
38 59 70
38 60 99
38 61 127
38 62 155
38 63 177
38 64 149
38 65 121
38 66 92
38 67 121
38 68 149
38 69 177
39 0 228
39 1 200
39 2 172
39 3 143
39 4 114
39 5 142
39 6 170
39 7 206
39 8 178
39 9 150
39 10 121
39 11 92
39 12 120
39 13 148
39 14 182
39 15 154
39 16 126
39 17 97
39 18 68
39 19 96
39 20 124
39 21 160
39 22 132
39 23 104
39 24 75
39 25 46
39 26 74
39 27 102
39 28 136
39 29 108
39 30 80
39 31 51
39 32 22
39 33 50
39 34 78
39 35 114
39 36 86
39 37 58
39 38 29
39 39 0
39 40 28
39 41 56
39 42 138
39 43 110
39 44 82
39 45 53
39 46 24
39 47 52
39 48 80
39 49 160
39 50 132
39 51 104
39 52 75
39 53 46
39 54 74
39 55 102
39 56 184
39 57 156
39 58 128
39 59 99
39 60 70
39 61 98
39 62 126
39 63 206
39 64 178
39 65 150
39 66 121
39 67 92
39 68 120
39 69 148
40 0 256
40 1 228
40 2 200
40 3 171
40 4 142
40 5 114
40 6 142
40 7 234
40 8 206
40 9 178
40 10 149
40 11 120
40 12 92
40 13 120
40 14 210
40 15 182
40 16 154
40 17 125
40 18 96
40 19 68
40 20 96
40 21 188
40 22 160
40 23 132
40 24 103
40 25 74
40 26 46
40 27 74
40 28 164
40 29 136
40 30 108
40 31 79
40 32 50
40 33 22
40 34 50
40 35 142
40 36 114
40 37 86
40 38 57
40 39 28
40 40 0
40 41 28
40 42 166
40 43 138
40 44 110
40 45 81
40 46 52
40 47 24
40 48 52
40 49 188
40 50 160
40 51 132
40 52 103
40 53 74
40 54 46
40 55 74
40 56 212
40 57 184
40 58 156
40 59 127
40 60 98
40 61 70
40 62 98
40 63 234
40 64 206
40 65 178
40 66 149
40 67 120
40 68 92
40 69 120
41 0 284
41 1 256
41 2 228
41 3 199
41 4 170
41 5 142
41 6 114
41 7 262
41 8 234
41 9 206
41 10 177
41 11 148
41 12 120
41 13 92
41 14 238
41 15 210
41 16 182
41 17 153
41 18 124
41 19 96
41 20 68
41 21 216
41 22 188
41 23 160
41 24 131
41 25 102
41 26 74
41 27 46
41 28 192
41 29 164
41 30 136
41 31 107
41 32 78
41 33 50
41 34 22
41 35 170
41 36 142
41 37 114
41 38 85
41 39 56
41 40 28
41 41 0
41 42 194
41 43 166
41 44 138
41 45 109
41 46 80
41 47 52
41 48 24
41 49 216
41 50 188
41 51 160
41 52 131
41 53 102
41 54 74
41 55 46
41 56 240
41 57 212
41 58 184
41 59 155
41 60 126
41 61 98
41 62 70
41 63 262
41 64 234
41 65 206
41 66 177
41 67 148
41 68 120
41 69 92
42 0 138
42 1 166
42 2 194
42 3 223
42 4 252
42 5 280
42 6 308
42 7 116
42 8 144
42 9 172
42 10 201
42 11 230
42 12 258
42 13 286
42 14 92
42 15 120
42 16 148
42 17 177
42 18 206
42 19 234
42 20 262
42 21 70
42 22 98
42 23 126
42 24 155
42 25 184
42 26 212
42 27 240
42 28 46
42 29 74
42 30 102
42 31 131
42 32 160
42 33 188
42 34 216
42 35 24
42 36 52
42 37 80
42 38 109
42 39 138
42 40 166
42 41 194
42 42 0
42 43 28
42 44 56
42 45 85
42 46 114
42 47 142
42 48 170
42 49 22
42 50 50
42 51 78
42 52 107
42 53 136
42 54 164
42 55 192
42 56 46
42 57 74
42 58 102
42 59 131
42 60 160
42 61 188
42 62 216
42 63 68
42 64 96
42 65 124
42 66 153
42 67 182
42 68 210
42 69 238
43 0 166
43 1 138
43 2 166
43 3 195
43 4 224
43 5 252
43 6 280
43 7 144
43 8 116
43 9 144
43 10 173
43 11 202
43 12 230
43 13 258
43 14 120
43 15 92
43 16 120
43 17 149
43 18 178
43 19 206
43 20 234
43 21 98
43 22 70
43 23 98
43 24 127
43 25 156
43 26 184
43 27 212
43 28 74
43 29 46
43 30 74
43 31 103
43 32 132
43 33 160
43 34 188
43 35 52
43 36 24
43 37 52
43 38 81
43 39 110
43 40 138
43 41 166
43 42 28
43 43 0
43 44 28
43 45 57
43 46 86
43 47 114
43 48 142
43 49 50
43 50 22
43 51 50
43 52 79
43 53 108
43 54 136
43 55 164
43 56 74
43 57 46
43 58 74
43 59 103
43 60 132
43 61 160
43 62 188
43 63 96
43 64 68
43 65 96
43 66 125
43 67 154
43 68 182
43 69 210
44 0 194
44 1 166
44 2 138
44 3 167
44 4 196
44 5 224
44 6 252
44 7 172
44 8 144
44 9 116
44 10 145
44 11 174
44 12 202
44 13 230
44 14 148
44 15 120
44 16 92
44 17 121
44 18 150
44 19 178
44 20 206
44 21 126
44 22 98
44 23 70
44 24 99
44 25 128
44 26 156
44 27 184
44 28 102
44 29 74
44 30 46
44 31 75
44 32 104
44 33 132
44 34 160
44 35 80
44 36 52
44 37 24
44 38 53
44 39 82
44 40 110
44 41 138
44 42 56
44 43 28
44 44 0
44 45 29
44 46 58
44 47 86
44 48 114
44 49 78
44 50 50
44 51 22
44 52 51
44 53 80
44 54 108
44 55 136
44 56 102
44 57 74
44 58 46
44 59 75
44 60 104
44 61 132
44 62 160
44 63 124
44 64 96
44 65 68
44 66 97
44 67 126
44 68 154
44 69 182
45 0 223
45 1 195
45 2 167
45 3 138
45 4 167
45 5 195
45 6 223
45 7 201
45 8 173
45 9 145
45 10 116
45 11 145
45 12 173
45 13 201
45 14 177
45 15 149
45 16 121
45 17 92
45 18 121
45 19 149
45 20 177
45 21 155
45 22 127
45 23 99
45 24 70
45 25 99
45 26 127
45 27 155
45 28 131
45 29 103
45 30 75
45 31 46
45 32 75
45 33 103
45 34 131
45 35 109
45 36 81
45 37 53
45 38 24
45 39 53
45 40 81
45 41 109
45 42 85
45 43 57
45 44 29
45 45 0
45 46 29
45 47 57
45 48 85
45 49 107
45 50 79
45 51 51
45 52 22
45 53 51
45 54 79
45 55 107
45 56 131
45 57 103
45 58 75
45 59 46
45 60 75
45 61 103
45 62 131
45 63 153
45 64 125
45 65 97
45 66 68
45 67 97
45 68 125
45 69 153
46 0 252
46 1 224
46 2 196
46 3 167
46 4 138
46 5 166
46 6 194
46 7 230
46 8 202
46 9 174
46 10 145
46 11 116
46 12 144
46 13 172
46 14 206
46 15 178
46 16 150
46 17 121
46 18 92
46 19 120
46 20 148
46 21 184
46 22 156
46 23 128
46 24 99
46 25 70
46 26 98
46 27 126
46 28 160
46 29 132
46 30 104
46 31 75
46 32 46
46 33 74
46 34 102
46 35 138
46 36 110
46 37 82
46 38 53
46 39 24
46 40 52
46 41 80
46 42 114
46 43 86
46 44 58
46 45 29
46 46 0
46 47 28
46 48 56
46 49 136
46 50 108
46 51 80
46 52 51
46 53 22
46 54 50
46 55 78
46 56 160
46 57 132
46 58 104
46 59 75
46 60 46
46 61 74
46 62 102
46 63 182
46 64 154
46 65 126
46 66 97
46 67 68
46 68 96
46 69 124
47 0 280
47 1 252
47 2 224
47 3 195
47 4 166
47 5 138
47 6 166
47 7 258
47 8 230
47 9 202
47 10 173
47 11 144
47 12 116
47 13 144
47 14 234
47 15 206
47 16 178
47 17 149
47 18 120
47 19 92
47 20 120
47 21 212
47 22 184
47 23 156
47 24 127
47 25 98
47 26 70
47 27 98
47 28 188
47 29 160
47 30 132
47 31 103
47 32 74
47 33 46
47 34 74
47 35 166
47 36 138
47 37 110
47 38 81
47 39 52
47 40 24
47 41 52
47 42 142
47 43 114
47 44 86
47 45 57
47 46 28
47 47 0
47 48 28
47 49 164
47 50 136
47 51 108
47 52 79
47 53 50
47 54 22
47 55 50
47 56 188
47 57 160
47 58 132
47 59 103
47 60 74
47 61 46
47 62 74
47 63 210
47 64 182
47 65 154
47 66 125
47 67 96
47 68 68
47 69 96
48 0 308
48 1 280
48 2 252
48 3 223
48 4 194
48 5 166
48 6 138
48 7 286
48 8 258
48 9 230
48 10 201
48 11 172
48 12 144
48 13 116
48 14 262
48 15 234
48 16 206
48 17 177
48 18 148
48 19 120
48 20 92
48 21 240
48 22 212
48 23 184
48 24 155
48 25 126
48 26 98
48 27 70
48 28 216
48 29 188
48 30 160
48 31 131
48 32 102
48 33 74
48 34 46
48 35 194
48 36 166
48 37 138
48 38 109
48 39 80
48 40 52
48 41 24
48 42 170
48 43 142
48 44 114
48 45 85
48 46 56
48 47 28
48 48 0
48 49 192
48 50 164
48 51 136
48 52 107
48 53 78
48 54 50
48 55 22
48 56 216
48 57 188
48 58 160
48 59 131
48 60 102
48 61 74
48 62 46
48 63 238
48 64 210
48 65 182
48 66 153
48 67 124
48 68 96
48 69 68
49 0 160
49 1 188
49 2 216
49 3 245
49 4 274
49 5 302
49 6 330
49 7 138
49 8 166
49 9 194
49 10 223
49 11 252
49 12 280
49 13 308
49 14 114
49 15 142
49 16 170
49 17 199
49 18 228
49 19 256
49 20 284
49 21 92
49 22 120
49 23 148
49 24 177
49 25 206
49 26 234
49 27 262
49 28 68
49 29 96
49 30 124
49 31 153
49 32 182
49 33 210
49 34 238
49 35 46
49 36 74
49 37 102
49 38 131
49 39 160
49 40 188
49 41 216
49 42 22
49 43 50
49 44 78
49 45 107
49 46 136
49 47 164
49 48 192
49 49 0
49 50 28
49 51 56
49 52 85
49 53 114
49 54 142
49 55 170
49 56 24
49 57 52
49 58 80
49 59 109
49 60 138
49 61 166
49 62 194
49 63 46
49 64 74
49 65 102
49 66 131
49 67 160
49 68 188
49 69 216
50 0 188
50 1 160
50 2 188
50 3 217
50 4 246
50 5 274
50 6 302
50 7 166
50 8 138
50 9 166
50 10 195
50 11 224
50 12 252
50 13 280
50 14 142
50 15 114
50 16 142
50 17 171
50 18 200
50 19 228
50 20 256
50 21 120
50 22 92
50 23 120
50 24 149
50 25 178
50 26 206
50 27 234
50 28 96
50 29 68
50 30 96
50 31 125
50 32 154
50 33 182
50 34 210
50 35 74
50 36 46
50 37 74
50 38 103
50 39 132
50 40 160
50 41 188
50 42 50
50 43 22
50 44 50
50 45 79
50 46 108
50 47 136
50 48 164
50 49 28
50 50 0
50 51 28
50 52 57
50 53 86
50 54 114
50 55 142
50 56 52
50 57 24
50 58 52
50 59 81
50 60 110
50 61 138
50 62 166
50 63 74
50 64 46
50 65 74
50 66 103
50 67 132
50 68 160
50 69 188
51 0 216
51 1 188
51 2 160
51 3 189
51 4 218
51 5 246
51 6 274
51 7 194
51 8 166
51 9 138
51 10 167
51 11 196
51 12 224
51 13 252
51 14 170
51 15 142
51 16 114
51 17 143
51 18 172
51 19 200
51 20 228
51 21 148
51 22 120
51 23 92
51 24 121
51 25 150
51 26 178
51 27 206
51 28 124
51 29 96
51 30 68
51 31 97
51 32 126
51 33 154
51 34 182
51 35 102
51 36 74
51 37 46
51 38 75
51 39 104
51 40 132
51 41 160
51 42 78
51 43 50
51 44 22
51 45 51
51 46 80
51 47 108
51 48 136
51 49 56
51 50 28
51 51 0
51 52 29
51 53 58
51 54 86
51 55 114
51 56 80
51 57 52
51 58 24
51 59 53
51 60 82
51 61 110
51 62 138
51 63 102
51 64 74
51 65 46
51 66 75
51 67 104
51 68 132
51 69 160
52 0 245
52 1 217
52 2 189
52 3 160
52 4 189
52 5 217
52 6 245
52 7 223
52 8 195
52 9 167
52 10 138
52 11 167
52 12 195
52 13 223
52 14 199
52 15 171
52 16 143
52 17 114
52 18 143
52 19 171
52 20 199
52 21 177
52 22 149
52 23 121
52 24 92
52 25 121
52 26 149
52 27 177
52 28 153
52 29 125
52 30 97
52 31 68
52 32 97
52 33 125
52 34 153
52 35 131
52 36 103
52 37 75
52 38 46
52 39 75
52 40 103
52 41 131
52 42 107
52 43 79
52 44 51
52 45 22
52 46 51
52 47 79
52 48 107
52 49 85
52 50 57
52 51 29
52 52 0
52 53 29
52 54 57
52 55 85
52 56 109
52 57 81
52 58 53
52 59 24
52 60 53
52 61 81
52 62 109
52 63 131
52 64 103
52 65 75
52 66 46
52 67 75
52 68 103
52 69 131
53 0 274
53 1 246
53 2 218
53 3 189
53 4 160
53 5 188
53 6 216
53 7 252
53 8 224
53 9 196
53 10 167
53 11 138
53 12 166
53 13 194
53 14 228
53 15 200
53 16 172
53 17 143
53 18 114
53 19 142
53 20 170
53 21 206
53 22 178
53 23 150
53 24 121
53 25 92
53 26 120
53 27 148
53 28 182
53 29 154
53 30 126
53 31 97
53 32 68
53 33 96
53 34 124
53 35 160
53 36 132
53 37 104
53 38 75
53 39 46
53 40 74
53 41 102
53 42 136
53 43 108
53 44 80
53 45 51
53 46 22
53 47 50
53 48 78
53 49 114
53 50 86
53 51 58
53 52 29
53 53 0
53 54 28
53 55 56
53 56 138
53 57 110
53 58 82
53 59 53
53 60 24
53 61 52
53 62 80
53 63 160
53 64 132
53 65 104
53 66 75
53 67 46
53 68 74
53 69 102
54 0 302
54 1 274
54 2 246
54 3 217
54 4 188
54 5 160
54 6 188
54 7 280
54 8 252
54 9 224
54 10 195
54 11 166
54 12 138
54 13 166
54 14 256
54 15 228
54 16 200
54 17 171
54 18 142
54 19 114
54 20 142
54 21 234
54 22 206
54 23 178
54 24 149
54 25 120
54 26 92
54 27 120
54 28 210
54 29 182
54 30 154
54 31 125
54 32 96
54 33 68
54 34 96
54 35 188
54 36 160
54 37 132
54 38 103
54 39 74
54 40 46
54 41 74
54 42 164
54 43 136
54 44 108
54 45 79
54 46 50
54 47 22
54 48 50
54 49 142
54 50 114
54 51 86
54 52 57
54 53 28
54 54 0
54 55 28
54 56 166
54 57 138
54 58 110
54 59 81
54 60 52
54 61 24
54 62 52
54 63 188
54 64 160
54 65 132
54 66 103
54 67 74
54 68 46
54 69 74
55 0 330
55 1 302
55 2 274
55 3 245
55 4 216
55 5 188
55 6 160
55 7 308
55 8 280
55 9 252
55 10 223
55 11 194
55 12 166
55 13 138
55 14 284
55 15 256
55 16 228
55 17 199
55 18 170
55 19 142
55 20 114
55 21 262
55 22 234
55 23 206
55 24 177
55 25 148
55 26 120
55 27 92
55 28 238
55 29 210
55 30 182
55 31 153
55 32 124
55 33 96
55 34 68
55 35 216
55 36 188
55 37 160
55 38 131
55 39 102
55 40 74
55 41 46
55 42 192
55 43 164
55 44 136
55 45 107
55 46 78
55 47 50
55 48 22
55 49 170
55 50 142
55 51 114
55 52 85
55 53 56
55 54 28
55 55 0
55 56 194
55 57 166
55 58 138
55 59 109
55 60 80
55 61 52
55 62 24
55 63 216
55 64 188
55 65 160
55 66 131
55 67 102
55 68 74
55 69 46
56 0 184
56 1 212
56 2 240
56 3 269
56 4 298
56 5 326
56 6 354
56 7 162
56 8 190
56 9 218
56 10 247
56 11 276
56 12 304
56 13 332
56 14 138
56 15 166
56 16 194
56 17 223
56 18 252
56 19 280
56 20 308
56 21 116
56 22 144
56 23 172
56 24 201
56 25 230
56 26 258
56 27 286
56 28 92
56 29 120
56 30 148
56 31 177
56 32 206
56 33 234
56 34 262
56 35 70
56 36 98
56 37 126
56 38 155
56 39 184
56 40 212
56 41 240
56 42 46
56 43 74
56 44 102
56 45 131
56 46 160
56 47 188
56 48 216
56 49 24
56 50 52
56 51 80
56 52 109
56 53 138
56 54 166
56 55 194
56 56 0
56 57 28
56 58 56
56 59 85
56 60 114
56 61 142
56 62 170
56 63 22
56 64 50
56 65 78
56 66 107
56 67 136
56 68 164
56 69 192
57 0 212
57 1 184
57 2 212
57 3 241
57 4 270
57 5 298
57 6 326
57 7 190
57 8 162
57 9 190
57 10 219
57 11 248
57 12 276
57 13 304
57 14 166
57 15 138
57 16 166
57 17 195
57 18 224
57 19 252
57 20 280
57 21 144
57 22 116
57 23 144
57 24 173
57 25 202
57 26 230
57 27 258
57 28 120
57 29 92
57 30 120
57 31 149
57 32 178
57 33 206
57 34 234
57 35 98
57 36 70
57 37 98
57 38 127
57 39 156
57 40 184
57 41 212
57 42 74
57 43 46
57 44 74
57 45 103
57 46 132
57 47 160
57 48 188
57 49 52
57 50 24
57 51 52
57 52 81
57 53 110
57 54 138
57 55 166
57 56 28
57 57 0
57 58 28
57 59 57
57 60 86
57 61 114
57 62 142
57 63 50
57 64 22
57 65 50
57 66 79
57 67 108
57 68 136
57 69 164
58 0 240
58 1 212
58 2 184
58 3 213
58 4 242
58 5 270
58 6 298
58 7 218
58 8 190
58 9 162
58 10 191
58 11 220
58 12 248
58 13 276
58 14 194
58 15 166
58 16 138
58 17 167
58 18 196
58 19 224
58 20 252
58 21 172
58 22 144
58 23 116
58 24 145
58 25 174
58 26 202
58 27 230
58 28 148
58 29 120
58 30 92
58 31 121
58 32 150
58 33 178
58 34 206
58 35 126
58 36 98
58 37 70
58 38 99
58 39 128
58 40 156
58 41 184
58 42 102
58 43 74
58 44 46
58 45 75
58 46 104
58 47 132
58 48 160
58 49 80
58 50 52
58 51 24
58 52 53
58 53 82
58 54 110
58 55 138
58 56 56
58 57 28
58 58 0
58 59 29
58 60 58
58 61 86
58 62 114
58 63 78
58 64 50
58 65 22
58 66 51
58 67 80
58 68 108
58 69 136
59 0 269
59 1 241
59 2 213
59 3 184
59 4 213
59 5 241
59 6 269
59 7 247
59 8 219
59 9 191
59 10 162
59 11 191
59 12 219
59 13 247
59 14 223
59 15 195
59 16 167
59 17 138
59 18 167
59 19 195
59 20 223
59 21 201
59 22 173
59 23 145
59 24 116
59 25 145
59 26 173
59 27 201
59 28 177
59 29 149
59 30 121
59 31 92
59 32 121
59 33 149
59 34 177
59 35 155
59 36 127
59 37 99
59 38 70
59 39 99
59 40 127
59 41 155
59 42 131
59 43 103
59 44 75
59 45 46
59 46 75
59 47 103
59 48 131
59 49 109
59 50 81
59 51 53
59 52 24
59 53 53
59 54 81
59 55 109
59 56 85
59 57 57
59 58 29
59 59 0
59 60 29
59 61 57
59 62 85
59 63 107
59 64 79
59 65 51
59 66 22
59 67 51
59 68 79
59 69 107
60 0 298
60 1 270
60 2 242
60 3 213
60 4 184
60 5 212
60 6 240
60 7 276
60 8 248
60 9 220
60 10 191
60 11 162
60 12 190
60 13 218
60 14 252
60 15 224
60 16 196
60 17 167
60 18 138
60 19 166
60 20 194
60 21 230
60 22 202
60 23 174
60 24 145
60 25 116
60 26 144
60 27 172
60 28 206
60 29 178
60 30 150
60 31 121
60 32 92
60 33 120
60 34 148
60 35 184
60 36 156
60 37 128
60 38 99
60 39 70
60 40 98
60 41 126
60 42 160
60 43 132
60 44 104
60 45 75
60 46 46
60 47 74
60 48 102
60 49 138
60 50 110
60 51 82
60 52 53
60 53 24
60 54 52
60 55 80
60 56 114
60 57 86
60 58 58
60 59 29
60 60 0
60 61 28
60 62 56
60 63 136
60 64 108
60 65 80
60 66 51
60 67 22
60 68 50
60 69 78
61 0 326
61 1 298
61 2 270
61 3 241
61 4 212
61 5 184
61 6 212
61 7 304
61 8 276
61 9 248
61 10 219
61 11 190
61 12 162
61 13 190
61 14 280
61 15 252
61 16 224
61 17 195
61 18 166
61 19 138
61 20 166
61 21 258
61 22 230
61 23 202
61 24 173
61 25 144
61 26 116
61 27 144
61 28 234
61 29 206
61 30 178
61 31 149
61 32 120
61 33 92
61 34 120
61 35 212
61 36 184
61 37 156
61 38 127
61 39 98
61 40 70
61 41 98
61 42 188
61 43 160
61 44 132
61 45 103
61 46 74
61 47 46
61 48 74
61 49 166
61 50 138
61 51 110
61 52 81
61 53 52
61 54 24
61 55 52
61 56 142
61 57 114
61 58 86
61 59 57
61 60 28
61 61 0
61 62 28
61 63 164
61 64 136
61 65 108
61 66 79
61 67 50
61 68 22
61 69 50
62 0 354
62 1 326
62 2 298
62 3 269
62 4 240
62 5 212
62 6 184
62 7 332
62 8 304
62 9 276
62 10 247
62 11 218
62 12 190
62 13 162
62 14 308
62 15 280
62 16 252
62 17 223
62 18 194
62 19 166
62 20 138
62 21 286
62 22 258
62 23 230
62 24 201
62 25 172
62 26 144
62 27 116
62 28 262
62 29 234
62 30 206
62 31 177
62 32 148
62 33 120
62 34 92
62 35 240
62 36 212
62 37 184
62 38 155
62 39 126
62 40 98
62 41 70
62 42 216
62 43 188
62 44 160
62 45 131
62 46 102
62 47 74
62 48 46
62 49 194
62 50 166
62 51 138
62 52 109
62 53 80
62 54 52
62 55 24
62 56 170
62 57 142
62 58 114
62 59 85
62 60 56
62 61 28
62 62 0
62 63 192
62 64 164
62 65 136
62 66 107
62 67 78
62 68 50
62 69 22
63 0 206
63 1 234
63 2 262
63 3 291
63 4 320
63 5 348
63 6 376
63 7 184
63 8 212
63 9 240
63 10 269
63 11 298
63 12 326
63 13 354
63 14 160
63 15 188
63 16 216
63 17 245
63 18 274
63 19 302
63 20 330
63 21 138
63 22 166
63 23 194
63 24 223
63 25 252
63 26 280
63 27 308
63 28 114
63 29 142
63 30 170
63 31 199
63 32 228
63 33 256
63 34 284
63 35 92
63 36 120
63 37 148
63 38 177
63 39 206
63 40 234
63 41 262
63 42 68
63 43 96
63 44 124
63 45 153
63 46 182
63 47 210
63 48 238
63 49 46
63 50 74
63 51 102
63 52 131
63 53 160
63 54 188
63 55 216
63 56 22
63 57 50
63 58 78
63 59 107
63 60 136
63 61 164
63 62 192
63 63 0
63 64 28
63 65 56
63 66 85
63 67 114
63 68 142
63 69 170
64 0 234
64 1 206
64 2 234
64 3 263
64 4 292
64 5 320
64 6 348
64 7 212
64 8 184
64 9 212
64 10 241
64 11 270
64 12 298
64 13 326
64 14 188
64 15 160
64 16 188
64 17 217
64 18 246
64 19 274
64 20 302
64 21 166
64 22 138
64 23 166
64 24 195
64 25 224
64 26 252
64 27 280
64 28 142
64 29 114
64 30 142
64 31 171
64 32 200
64 33 228
64 34 256
64 35 120
64 36 92
64 37 120
64 38 149
64 39 178
64 40 206
64 41 234
64 42 96
64 43 68
64 44 96
64 45 125
64 46 154
64 47 182
64 48 210
64 49 74
64 50 46
64 51 74
64 52 103
64 53 132
64 54 160
64 55 188
64 56 50
64 57 22
64 58 50
64 59 79
64 60 108
64 61 136
64 62 164
64 63 28
64 64 0
64 65 28
64 66 57
64 67 86
64 68 114
64 69 142
65 0 262
65 1 234
65 2 206
65 3 235
65 4 264
65 5 292
65 6 320
65 7 240
65 8 212
65 9 184
65 10 213
65 11 242
65 12 270
65 13 298
65 14 216
65 15 188
65 16 160
65 17 189
65 18 218
65 19 246
65 20 274
65 21 194
65 22 166
65 23 138
65 24 167
65 25 196
65 26 224
65 27 252
65 28 170
65 29 142
65 30 114
65 31 143
65 32 172
65 33 200
65 34 228
65 35 148
65 36 120
65 37 92
65 38 121
65 39 150
65 40 178
65 41 206
65 42 124
65 43 96
65 44 68
65 45 97
65 46 126
65 47 154
65 48 182
65 49 102
65 50 74
65 51 46
65 52 75
65 53 104
65 54 132
65 55 160
65 56 78
65 57 50
65 58 22
65 59 51
65 60 80
65 61 108
65 62 136
65 63 56
65 64 28
65 65 0
65 66 29
65 67 58
65 68 86
65 69 114
66 0 291
66 1 263
66 2 235
66 3 206
66 4 235
66 5 263
66 6 291
66 7 269
66 8 241
66 9 213
66 10 184
66 11 213
66 12 241
66 13 269
66 14 245
66 15 217
66 16 189
66 17 160
66 18 189
66 19 217
66 20 245
66 21 223
66 22 195
66 23 167
66 24 138
66 25 167
66 26 195
66 27 223
66 28 199
66 29 171
66 30 143
66 31 114
66 32 143
66 33 171
66 34 199
66 35 177
66 36 149
66 37 121
66 38 92
66 39 121
66 40 149
66 41 177
66 42 153
66 43 125
66 44 97
66 45 68
66 46 97
66 47 125
66 48 153
66 49 131
66 50 103
66 51 75
66 52 46
66 53 75
66 54 103
66 55 131
66 56 107
66 57 79
66 58 51
66 59 22
66 60 51
66 61 79
66 62 107
66 63 85
66 64 57
66 65 29
66 66 0
66 67 29
66 68 57
66 69 85
67 0 320
67 1 292
67 2 264
67 3 235
67 4 206
67 5 234
67 6 262
67 7 298
67 8 270
67 9 242
67 10 213
67 11 184
67 12 212
67 13 240
67 14 274
67 15 246
67 16 218
67 17 189
67 18 160
67 19 188
67 20 216
67 21 252
67 22 224
67 23 196
67 24 167
67 25 138
67 26 166
67 27 194
67 28 228
67 29 200
67 30 172
67 31 143
67 32 114
67 33 142
67 34 170
67 35 206
67 36 178
67 37 150
67 38 121
67 39 92
67 40 120
67 41 148
67 42 182
67 43 154
67 44 126
67 45 97
67 46 68
67 47 96
67 48 124
67 49 160
67 50 132
67 51 104
67 52 75
67 53 46
67 54 74
67 55 102
67 56 136
67 57 108
67 58 80
67 59 51
67 60 22
67 61 50
67 62 78
67 63 114
67 64 86
67 65 58
67 66 29
67 67 0
67 68 28
67 69 56
68 0 348
68 1 320
68 2 292
68 3 263
68 4 234
68 5 206
68 6 234
68 7 326
68 8 298
68 9 270
68 10 241
68 11 212
68 12 184
68 13 212
68 14 302
68 15 274
68 16 246
68 17 217
68 18 188
68 19 160
68 20 188
68 21 280
68 22 252
68 23 224
68 24 195
68 25 166
68 26 138
68 27 166
68 28 256
68 29 228
68 30 200
68 31 171
68 32 142
68 33 114
68 34 142
68 35 234
68 36 206
68 37 178
68 38 149
68 39 120
68 40 92
68 41 120
68 42 210
68 43 182
68 44 154
68 45 125
68 46 96
68 47 68
68 48 96
68 49 188
68 50 160
68 51 132
68 52 103
68 53 74
68 54 46
68 55 74
68 56 164
68 57 136
68 58 108
68 59 79
68 60 50
68 61 22
68 62 50
68 63 142
68 64 114
68 65 86
68 66 57
68 67 28
68 68 0
68 69 28
69 0 376
69 1 348
69 2 320
69 3 291
69 4 262
69 5 234
69 6 206
69 7 354
69 8 326
69 9 298
69 10 269
69 11 240
69 12 212
69 13 184
69 14 330
69 15 302
69 16 274
69 17 245
69 18 216
69 19 188
69 20 160
69 21 308
69 22 280
69 23 252
69 24 223
69 25 194
69 26 166
69 27 138
69 28 284
69 29 256
69 30 228
69 31 199
69 32 170
69 33 142
69 34 114
69 35 262
69 36 234
69 37 206
69 38 177
69 39 148
69 40 120
69 41 92
69 42 238
69 43 210
69 44 182
69 45 153
69 46 124
69 47 96
69 48 68
69 49 216
69 50 188
69 51 160
69 52 131
69 53 102
69 54 74
69 55 46
69 56 192
69 57 164
69 58 136
69 59 107
69 60 78
69 61 50
69 62 22
69 63 170
69 64 142
69 65 114
69 66 85
69 67 56
69 68 28
69 69 0
